CreditScore,Age,Balance,EstimatedSalary,Tenure,NumOfProducts,Exited
419,34.0,243310.1,46661.7,7,1.0,0
496,91.0,208282.45,25445.78,8,3.0,0
742,82.0,246246.77,116845.36,6,4.0,0
776,36.0,204591.45,36806.51,10,3.0,0
679,58.0,222296.73,91940.98,9,2.0,0
686,65.0,52789.22,135324.91,7,2.4913684210526315,0
798,49.0,223757.86,43955.59,1,2.0,0
429,47.0,235800.59,73205.83,1,4.0,1
326,81.0,137943.13,44122.73,2,1.0,0
490,47.0,48817.21,53422.83,6,1.0,0
600,22.0,89756.13,133831.49,3,2.0,0
677,35.0,110026.67,198277.9,6,1.0,0
377,23.0,54754.52,20731.37,3,3.0,0
626,65.0,90223.38,78251.08,0,2.0,1
552,47.0,105914.16,70769.69,2,1.0,0
396,90.0,9983.35,123667.67,1,3.0,1
443,86.0,94990.56,58625.51,7,3.0,0
618,69.0,60230.92,113464.19,2,3.0,0
563,71.0,184828.94,108649.87,4,1.0,0
314,70.0,118480.19,55528.23,9,3.0,0
310,42.0,222881.53,77613.61,1,3.0,0
840,48.0,6191.51,35288.46,7,3.0,0
318,35.0,234999.53,64966.38,6,4.0,0
595,57.0,249355.1,164901.93,5,3.0,0
364,67.0,53079.96,127297.15,2,4.0,0
421,54.499,146731.44,23333.97,6,1.0,0
591,68.0,42245.41,147387.04,6,2.0,0
697,90.0,52528.63,145813.54,0,3.0,0
319,40.0,165835.82,127403.3,6,2.0,0
396,62.0,211525.79,78665.87,8,1.0,0
798,91.0,215614.16,164829.09,6,4.0,0
378,40.0,127486.28,75629.97,0,2.0,0
666,84.0,222822.5,167204.85,3,4.0,0
506,80.0,223229.83,36435.72,6,2.0,0
673,43.0,195438.82,87661.34,7,1.0,0
360,82.0,157808.01,51098.34,3,4.0,0
803,77.0,212049.0,197355.05,3,4.0,0
308,83.0,149477.43,170444.81,5,4.0,0
819,74.0,217729.63,12971.9,8,2.0,0
306,36.0,81429.45,183499.67,2,1.0,0
429,30.0,137827.08,39636.97,6,2.0,0
650,58.0,111760.83,102650.22,2,2.0,0
788,54.499,22242.26,95523.9,1,1.0,0
619,58.0,83669.14,49578.01,3,1.0,0
503,82.0,151725.2,156155.92,3,2.0,0
572,54.499,150467.32,117076.65,4,4.0,0
711,76.0,74226.01,161101.48,2,4.0,0
347,76.0,87640.02,30619.86,7,4.0,0
603,82.0,164019.52,151949.76,8,4.0,0
703,45.0,182797.42,50640.54,9,2.4913684210526315,0
765,69.0,208455.11,10751.4,9,1.0,0
429,46.0,34528.29,36633.82,8,4.0,0
711,34.0,174811.12,184209.05,8,3.0,0
711,74.0,88483.39,197625.65,5,1.0,0
802,64.0,140438.26,34428.2,2,3.0,0
601,70.0,1833.71,24626.25,2,2.4913684210526315,0
819,34.0,22346.79,187922.59,1,1.0,0
668,44.0,61592.18,120468.52,8,1.0,0
554,50.0,151770.28,32266.89,0,4.0,0
767,32.0,3499.68,103753.95,4,3.0,0
522,22.0,32708.51,157344.75,0,2.0,0
672,31.0,201472.85,27065.65,4,3.0,0
734,19.0,52143.19,11258.85,3,1.0,0
728,84.0,221692.01,36237.51,7,3.0,0
627,19.0,135667.25,142929.77,5,3.0,0
371,54.499,193464.34,60982.04,5,3.0,0
751,61.0,153720.75,176691.24,7,2.0,0
405,89.0,158777.04,122585.83,2,4.0,0
844,26.0,194086.8,70443.82,10,1.0,0
525,87.0,121319.82,196197.9,9,1.0,0
574,50.0,71165.48,131875.08,3,2.4913684210526315,0
313,54.499,142530.71,195789.55,2,2.0,0
451,45.0,10952.19,15265.07,6,3.0,0
795,72.0,182453.79,98048.2,5,2.0,0
818,20.0,63428.96,116562.57,9,1.0,0
602,29.0,151211.68,121836.93,8,3.0,0
615,32.0,209047.68,28489.65,3,2.0,0
452,49.0,176195.7,115807.04,7,1.0,0
372,31.0,242145.96,25621.54,2,3.0,0
790,33.0,229657.13,24898.43,4,1.0,0
740,54.499,143137.99,108455.55,8,2.0,0
727,74.0,231315.38,175822.68,0,1.0,0
566,31.0,45923.69,36643.5,3,3.0,0
762,49.0,54020.09,83998.86,6,4.0,0
581,22.0,68221.65,124750.82,10,3.0,0
485,78.0,186129.4,46894.67,10,4.0,0
364,37.0,129438.71,187766.8,1,4.0,0
732,87.0,33252.61,31176.96,4,4.0,0
343,68.0,231092.18,32440.65,10,1.0,0
428,86.0,160915.78,95853.44,6,1.0,0
629,89.0,121952.37,128854.52,0,4.0,0
606,84.0,202521.38,135697.29,6,3.0,0
676,56.0,221918.84,196206.24,8,3.0,0
337,19.0,165896.14,170592.19,2,4.0,0
843,78.0,29830.16,72934.44,5,2.0,0
595,60.0,203040.74,151144.31,7,2.4913684210526315,0
341,59.0,137619.56,71006.21,1,4.0,0
315,75.0,133771.15,113749.44,8,2.0,0
757,20.0,225543.53,161812.61,5,2.0,0
350,53.0,21595.54,44274.42,5,4.0,0
305,89.0,10699.78,93804.09,5,3.0,0
437,71.0,13716.17,104737.49,3,1.0,0
737,22.0,32514.35,93512.29,1,4.0,0
560,58.0,202777.22,18168.53,10,4.0,0
340,54.499,120185.46,18143.99,1,2.0,0
410,81.0,192599.39,165575.6,10,1.0,0
414,58.0,22998.51,52024.28,0,1.0,0
352,79.0,225867.83,25632.08,3,1.0,0
328,40.0,50492.47,77356.0,4,1.0,0
841,42.0,237984.12,195889.7,8,3.0,0
446,39.0,157196.03,89432.89,6,3.0,0
648,46.0,150077.87,44263.11,0,4.0,0
390,28.0,215135.28,27568.89,5,1.0,0
752,54.499,139366.31,29938.56,4,4.0,0
457,42.0,22119.83,130017.6,6,3.0,0
344,28.0,29209.12,171577.99,2,3.0,0
716,48.0,93610.99,90916.24,6,1.0,0
732,88.0,97568.98,10021.87,8,2.4913684210526315,0
481,54.499,87804.19,144872.62,3,1.0,0
359,19.0,122882.95,102111.38,3,2.4913684210526315,1
394,36.0,177245.87,178582.77,2,2.0,0
327,35.0,102762.9,159559.63,8,3.0,0
777,27.0,163708.4,42224.95,5,4.0,0
490,41.0,123587.36,197258.94,9,2.0,0
552,30.0,25349.79,138198.56,6,2.0,0
304,77.0,206313.45,34165.37,6,2.0,0
712,37.0,143580.74,168986.14,3,3.0,0
401,68.0,227958.49,195808.57,8,4.0,0
318,46.0,11265.61,160469.01,10,2.4913684210526315,0
410,79.0,99711.82,89443.56,4,2.0,0
400,88.0,1581.02,101035.59,0,2.0,0
440,33.0,220421.33,182209.2,0,1.0,1
446,43.0,224983.88,33814.86,5,4.0,0
594,54.499,134640.38,177109.05,1,1.0,0
717,34.0,231836.78,170188.18,5,1.0,0
843,44.0,246013.02,33112.5,3,4.0,0
463,24.0,95586.5,112460.58,8,3.0,0
304,49.0,85351.55,97980.07,9,2.0,0
503,28.0,4206.75,90397.55,3,2.0,0
491,55.0,82719.66,151962.2,8,4.0,0
394,80.0,176882.62,190859.54,4,2.0,0
761,75.0,83265.41,79838.69,10,2.0,0
617,20.0,203864.08,26727.06,2,2.0,0
428,63.0,203186.24,196285.48,2,4.0,0
525,54.499,154621.79,56529.71,3,1.0,0
728,21.0,76803.02,98413.7,10,3.0,0
536,54.499,205334.72,59466.31,9,3.0,0
699,23.0,202676.55,114565.99,0,1.0,0
406,59.0,51771.16,129966.91,1,3.0,0
595,64.0,209101.83,151987.7,2,4.0,0
558,91.0,30994.79,37840.74,8,1.0,0
754,85.0,221544.29,195778.05,4,4.0,1
519,48.0,102795.1,157045.77,2,1.0,0
573,90.0,108192.35,189918.48,1,1.0,0
394,90.0,86906.36,138442.61,10,2.0,0
561,24.0,102016.36,194633.61,8,3.0,0
578,43.0,168905.58,51378.82,0,3.0,0
503,61.0,215590.63,53090.98,0,4.0,0
554,54.499,191952.45,105754.34,3,1.0,0
846,50.0,151266.48,148227.8,8,4.0,0
317,61.0,70089.06,87663.73,6,4.0,0
762,88.0,218744.56,157467.39,9,2.0,0
650,84.0,245963.33,136403.26,9,2.0,0
454,54.499,32899.81,147047.37,10,2.0,0
727,74.0,198436.7,19881.44,4,2.0,0
487,74.0,126787.64,44639.84,5,3.0,0
510,76.0,25741.49,197020.55,3,4.0,0
422,78.0,12618.42,59091.47,6,2.0,0
658,54.499,42455.02,22399.79,0,2.4913684210526315,0
778,31.0,29244.24,21628.93,7,3.0,0
749,54.499,125053.0,121509.1,2,2.0,0
846,80.0,96037.11,27375.66,3,2.0,0
618,29.0,212161.85,12305.92,7,1.0,0
536,31.0,54506.93,196059.17,5,3.0,1
550,54.499,241337.86,191122.61,10,2.4913684210526315,0
327,74.0,112946.64,166065.74,7,1.0,0
754,21.0,128809.61,94201.36,4,1.0,0
369,28.0,37991.85,23308.21,6,1.0,0
764,66.0,227825.33,192816.0,8,1.0,0
760,68.0,92724.94,90164.64,6,4.0,0
707,23.0,8227.51,66230.53,10,2.0,0
512,91.0,170752.94,84729.23,10,1.0,0
791,57.0,152434.59,117533.86,8,4.0,0
497,61.0,9213.66,106884.77,8,2.0,0
474,56.0,234410.15,154561.45,4,2.0,0
598,75.0,114728.2,11957.09,0,3.0,0
314,54.499,103890.24,191978.63,2,4.0,0
735,82.0,105777.1,87904.13,3,4.0,0
368,90.0,232490.58,171940.8,5,3.0,0
695,86.0,79536.96,13491.69,4,4.0,0
532,45.0,15053.8,80467.63,4,3.0,0
741,42.0,201297.49,83208.91,4,4.0,0
497,70.0,248892.41,47664.73,0,3.0,0
599,45.0,203211.18,111713.4,2,2.4913684210526315,0
826,76.0,117988.39,106091.39,0,1.0,0
442,47.0,91942.16,131159.93,8,1.0,0
570,24.0,20260.2,65458.57,6,3.0,0
824,37.0,148763.38,93473.79,8,3.0,0
417,18.0,216652.81,178053.98,9,1.0,0
582,51.0,144290.62,140544.49,3,1.0,0
793,68.0,40066.94,114365.04,3,1.0,0
370,78.0,134358.31,108248.15,2,4.0,0
690,54.499,49331.64,63322.86,8,1.0,0
616,54.499,165361.81,172743.96,2,3.0,0
545,33.0,65361.26,39809.95,6,1.0,0
325,45.0,219901.56,168239.04,0,3.0,0
687,52.0,215310.71,153603.99,0,3.0,0
400,54.499,85383.52,100868.9,2,1.0,0
618,84.0,45703.43,144768.73,7,2.4913684210526315,0
692,83.0,157617.3,42037.46,5,2.0,0
681,36.0,217938.58,36823.93,5,2.0,0
677,45.0,119924.21,122660.25,9,4.0,0
733,40.0,119262.05,175149.11,7,4.0,0
354,48.0,124527.37,118503.71,6,3.0,0
770,72.0,136544.43,189429.43,9,2.0,0
448,54.499,242291.8,191282.75,4,3.0,0
577,73.0,105762.65,115078.35,7,1.0,0
617,82.0,165147.06,72150.31,3,2.4913684210526315,0
509,65.0,136159.31,115417.96,2,1.0,0
832,63.0,50034.39,98976.61,3,2.0,0
624,71.0,184301.35,108098.71,0,3.0,0
765,22.0,18561.22,158031.93,10,2.0,0
569,85.0,16138.54,137072.96,8,4.0,0
435,22.0,148605.57,63859.78,3,1.0,0
559,54.499,232681.69,147765.67,2,3.0,0
681,22.0,92226.84,140808.85,0,2.0,0
515,60.0,82449.38,25110.0,6,2.4913684210526315,0
344,18.0,9633.09,128860.33,9,1.0,1
615,78.0,161603.28,174296.43,8,1.0,0
418,29.0,53928.12,157597.99,10,3.0,0
817,63.0,44011.92,135202.4,7,4.0,0
353,66.0,77768.82,118794.3,0,3.0,0
814,70.0,2797.65,133706.0,2,2.4913684210526315,0
799,68.0,154843.48,177555.59,4,1.0,0
610,54.499,242278.07,22598.34,4,1.0,0
330,33.0,25290.02,159013.76,9,3.0,0
499,48.0,23634.89,130616.84,1,2.0,0
571,33.0,99632.06,117227.11,1,2.0,0
351,21.0,45625.25,60962.37,4,1.0,1
803,88.0,220779.46,38613.49,6,1.0,0
695,80.0,110765.58,187146.82,5,1.0,0
326,20.0,133546.84,198631.43,6,4.0,0
310,25.0,37515.45,17186.55,1,4.0,0
768,86.0,41758.42,118629.44,3,2.0,0
727,52.0,72834.54,180187.75,2,3.0,0
491,65.0,57380.4,164195.59,3,4.0,0
746,91.0,100293.86,135912.33,7,4.0,0
577,54.499,150625.36,44794.02,1,2.0,0
422,54.499,213587.08,57164.82,9,1.0,0
723,34.0,23505.29,156125.15,6,4.0,0
796,33.0,237617.14,38672.71,6,2.0,0
401,23.0,121375.83,43591.26,0,2.0,0
678,46.0,39014.8,102058.23,6,4.0,0
528,82.0,188445.78,59357.72,10,1.0,0
544,70.0,128277.4,123810.02,5,2.4913684210526315,0
311,54.499,59141.1,166671.31,6,2.0,0
338,54.499,112153.38,163519.31,5,1.0,0
510,41.0,88612.52,114703.18,7,4.0,0
355,45.0,146441.31,36809.04,6,3.0,0
300,22.0,46358.83,193092.58,3,3.0,0
526,83.0,80485.51,22446.74,1,3.0,0
809,83.0,237220.46,126872.96,2,1.0,0
681,52.0,24594.46,107686.88,4,3.0,1
397,77.0,171169.19,74085.9,6,2.4913684210526315,0
314,41.0,43446.63,193715.86,9,1.0,1
464,47.0,235479.18,39906.53,6,3.0,0
811,20.0,249690.89,184732.67,9,2.0,0
617,89.0,187175.4,78808.6,7,4.0,0
640,54.499,84612.82,77701.52,8,2.0,0
570,30.0,70718.5,171243.19,7,3.0,0
486,31.0,106444.55,174355.46,8,4.0,0
659,54.499,175909.51,23046.0,3,4.0,0
325,51.0,24793.14,133108.89,6,2.4913684210526315,0
793,42.0,37096.46,191627.32,7,4.0,0
309,23.0,21068.06,191564.17,2,4.0,0
549,72.0,130418.54,28914.28,8,1.0,0
811,33.0,243453.01,141791.8,7,3.0,0
617,75.0,80099.14,79850.69,1,2.0,1
381,71.0,175413.52,146467.68,0,2.4913684210526315,0
725,68.0,149242.84,146352.04,4,3.0,0
726,79.0,94022.06,195559.5,8,4.0,0
545,85.0,37590.66,24055.12,3,2.0,1
516,82.0,116401.78,152546.38,4,4.0,0
447,80.0,64047.49,174688.1,5,2.0,0
325,27.0,137023.02,56852.87,0,3.0,0
475,59.0,17039.05,28838.83,9,2.0,0
706,28.0,174654.67,145702.02,4,1.0,0
793,78.0,74259.61,132945.49,5,3.0,0
714,27.0,219399.29,140295.14,4,2.4913684210526315,0
686,33.0,55411.98,89708.47,6,2.0,0
539,42.0,187322.14,34798.58,10,2.0,0
602,62.0,111013.94,11014.36,6,4.0,0
387,55.0,21912.59,196332.36,0,3.0,0
446,81.0,34584.88,84596.96,10,4.0,0
311,37.0,198107.96,45423.14,6,2.4913684210526315,0
795,43.0,175375.14,177061.66,3,3.0,0
823,54.499,72720.31,73467.11,1,2.0,0
436,64.0,34494.95,148407.47,5,3.0,0
747,87.0,73634.44,23496.32,10,3.0,0
372,27.0,130013.46,12079.65,6,3.0,0
774,87.0,241907.79,100407.69,7,3.0,0
328,44.0,166099.3,183157.83,9,3.0,0
695,54.499,220523.43,34621.35,3,3.0,0
429,77.0,235552.54,113422.16,2,1.0,0
319,87.0,166129.31,26043.51,1,4.0,0
719,66.0,31116.45,110440.9,5,2.4913684210526315,0
466,91.0,165099.7,163035.3,2,4.0,0
717,85.0,248703.15,19272.67,10,2.0,0
745,44.0,48241.54,56557.53,4,2.0,0
633,78.0,29184.73,66587.06,0,3.0,0
623,62.0,60990.43,125517.76,2,2.4913684210526315,0
807,54.499,78038.81,177489.52,3,3.0,0
725,58.0,124441.86,53857.22,2,2.0,0
524,60.0,11727.4,62075.56,8,4.0,0
610,85.0,53707.87,139640.11,3,2.0,0
808,35.0,181391.74,179543.85,3,3.0,0
303,47.0,202903.17,100928.61,3,2.0,0
555,25.0,85367.31,86550.59,6,2.0,0
569,21.0,139886.65,146251.56,10,2.4913684210526315,0
582,54.499,21784.53,59621.88,7,1.0,0
314,54.499,80799.41,187339.64,1,2.0,0
522,86.0,69359.75,170002.06,2,2.0,0
519,20.0,189769.6,30533.23,8,2.0,0
675,81.0,244858.49,71336.92,3,3.0,0
338,42.0,36071.48,150382.59,5,2.0,0
608,40.0,73007.85,18225.05,0,2.0,0
821,35.0,32037.57,101492.92,0,1.0,0
606,39.0,155564.5,81570.78,2,4.0,1
617,60.0,97595.08,95595.15,9,4.0,0
710,88.0,118366.13,15309.77,7,4.0,0
780,48.0,229918.59,131140.66,3,3.0,0
847,48.0,79555.18,199778.85,6,2.0,0
465,61.0,225205.58,118504.48,3,3.0,1
635,67.0,56900.38,72404.42,4,4.0,0
522,52.0,182464.92,123741.99,8,1.0,1
845,20.0,189903.11,187771.55,4,4.0,0
555,54.499,202300.54,33012.47,1,2.0,0
743,86.0,100013.22,54504.88,2,3.0,0
322,62.0,214208.13,26824.08,0,3.0,0
355,31.0,171962.85,160104.67,6,1.0,0
302,60.0,152997.11,182814.06,4,2.0,0
771,25.0,50054.43,39401.2,3,1.0,0
480,28.0,24816.38,43761.66,9,2.0,0
459,62.0,228916.47,167455.53,2,3.0,0
625,59.0,43111.38,66366.73,0,2.0,0
831,48.0,162138.03,62102.72,1,3.0,0
752,87.0,178925.51,136535.26,5,1.0,0
798,54.499,67169.46,15999.39,7,3.0,1
815,32.0,163387.56,161800.82,8,4.0,0
541,65.0,8081.62,52548.2,5,3.0,0
636,54.499,125182.09,74774.85,4,3.0,0
753,39.0,82654.27,185578.96,8,2.0,0
437,54.499,66933.89,187147.56,2,3.0,0
449,81.0,141116.92,96213.33,4,1.0,0
813,86.0,33010.44,130752.75,6,2.0,0
675,46.0,82963.63,129330.06,4,1.0,0
491,80.0,58734.76,79497.87,0,2.0,1
802,33.0,77226.37,130951.96,2,2.0,0
772,38.0,195826.54,133536.12,9,4.0,0
516,76.0,234808.49,29551.75,1,2.0,0
602,24.0,116618.57,163649.27,1,3.0,0
455,72.0,111680.75,60070.16,8,3.0,0
692,31.0,138620.49,100248.61,5,3.0,0
649,76.0,128418.77,133982.03,5,4.0,0
519,62.0,116750.26,116121.05,4,4.0,0
839,19.0,90079.3,41278.03,7,2.4913684210526315,0
648,30.0,126483.71,127266.83,7,2.0,0
544,39.0,206659.04,167675.78,1,3.0,0
731,33.0,117743.82,90207.77,0,4.0,0
484,70.0,218198.99,62329.35,1,4.0,0
593,39.0,249153.14,140377.24,5,4.0,0
810,69.0,191796.0,89074.3,0,3.0,0
542,49.0,118729.94,41920.3,10,1.0,0
848,55.0,226404.47,166862.04,9,4.0,0
471,41.0,248584.58,19215.75,7,4.0,0
405,59.0,160425.53,55536.36,0,4.0,1
563,37.0,65367.58,77104.96,6,3.0,0
425,20.0,231026.45,52609.54,2,1.0,0
736,85.0,163318.38,186802.86,9,2.0,0
502,77.0,136754.65,167392.86,2,4.0,0
795,62.0,209624.24,55310.07,8,3.0,0
568,45.0,60964.77,139558.28,1,2.0,0
723,23.0,247174.89,182711.51,0,3.0,0
723,33.0,155774.07,143453.16,5,3.0,0
673,86.0,188372.95,129431.88,3,1.0,0
712,54.499,172433.34,167061.32,5,3.0,0
718,24.0,88089.41,158969.62,5,2.0,0
357,85.0,234006.61,86805.58,0,1.0,0
697,84.0,158925.51,18450.47,7,1.0,0
668,26.0,67796.2,140962.65,3,2.0,1
533,37.0,120560.22,91365.3,10,2.0,0
775,18.0,187750.08,92489.33,2,1.0,0
763,34.0,237029.88,63220.85,1,3.0,0
463,54.499,11965.27,119455.91,3,1.0,0
524,54.499,15605.73,16108.39,1,1.0,0
845,18.0,15080.68,89130.67,1,1.0,0
663,83.0,159505.72,116380.91,2,2.0,0
690,38.0,161584.46,182137.79,8,4.0,0
752,80.0,96967.0,157608.9,7,2.0,0
374,77.0,178022.16,148286.74,4,2.0,0
816,76.0,102991.6,40629.1,5,3.0,0
535,57.0,232561.3,68973.12,7,3.0,0
492,61.0,173654.07,139197.57,5,3.0,0
302,31.0,20792.59,122791.65,7,1.0,0
572,46.0,156463.38,168072.85,4,3.0,0
582,46.0,204757.53,79809.71,7,1.0,0
389,49.0,228524.03,49109.38,10,3.0,0
701,54.499,223034.9,191425.06,7,2.4913684210526315,0
741,60.0,88013.15,159684.83,5,3.0,0
592,88.0,220094.42,43508.68,1,4.0,0
450,56.0,34561.7,195677.6,7,3.0,0
599,81.0,90657.29,71987.78,3,4.0,0
309,70.0,30992.35,184471.78,7,1.0,0
493,22.0,137905.9,91057.46,4,2.0,0
726,89.0,195970.05,133802.83,1,2.0,0
307,32.0,19964.57,69068.01,5,1.0,0
644,54.0,160809.6,20595.96,8,1.0,0
744,54.499,146159.38,76968.31,5,4.0,0
644,36.0,13317.79,190834.31,10,3.0,1
777,24.0,215163.55,153434.08,1,2.4913684210526315,0
537,71.0,159091.94,152066.82,1,2.0,0
353,47.0,27450.28,195336.97,1,1.0,0
821,44.0,176767.99,92378.91,0,4.0,0
563,23.0,156132.06,56717.01,7,2.0,0
542,55.0,104825.76,197103.6,0,4.0,0
449,20.0,23120.02,146818.06,10,4.0,0
391,82.0,60838.34,23562.09,3,3.0,0
364,45.0,28718.17,77596.57,10,3.0,0
663,45.0,63331.65,114304.78,9,4.0,0
733,26.0,242071.66,82073.79,5,3.0,0
786,23.0,33236.13,11648.07,0,4.0,0
572,29.0,96325.43,132648.65,0,2.0,0
568,75.0,182569.13,77612.6,3,2.0,0
413,54.499,98234.53,11737.8,4,4.0,0
487,29.0,153927.42,175834.99,8,4.0,0
533,48.0,211661.62,73773.32,7,1.0,0
786,58.0,58464.13,40593.11,3,2.0,0
401,55.0,235755.32,169686.1,0,3.0,0
678,21.0,144120.98,48540.61,6,3.0,0
495,29.0,109178.95,90142.86,2,4.0,0
324,43.0,10395.29,34539.42,0,1.0,0
448,90.0,147481.72,40503.38,8,2.0,0
680,89.0,64569.41,76988.9,3,4.0,1
629,59.0,199821.82,26381.61,3,1.0,0
373,52.0,105851.3,141459.18,10,1.0,0
715,47.0,152985.75,175734.19,6,4.0,0
666,33.0,102235.76,151864.57,2,3.0,0
454,71.0,173225.42,78948.71,6,3.0,0
776,77.0,110277.63,84465.48,9,1.0,0
381,70.0,22987.42,122489.5,9,3.0,0
320,86.0,16949.45,29052.45,6,1.0,0
743,37.0,111104.75,69372.08,6,1.0,0
336,75.0,103062.53,155517.51,7,2.0,0
410,24.0,167654.96,30043.25,3,4.0,1
363,26.0,126750.86,99570.66,6,2.0,0
356,20.0,5333.65,100284.13,3,4.0,0
816,29.0,92963.75,174174.04,7,3.0,0
655,67.0,233370.56,55601.38,4,2.0,0
601,78.0,90219.04,19282.64,9,4.0,0
547,56.0,142561.84,125975.21,7,3.0,0
324,68.0,15672.49,89279.92,3,1.0,0
627,25.0,40726.4,151091.55,6,4.0,1
581,25.0,83327.25,55373.41,6,2.0,0
403,63.0,216005.15,134980.27,2,3.0,0
733,23.0,25755.25,171420.13,2,3.0,0
657,59.0,175351.07,195999.84,3,3.0,0
387,80.0,216320.58,37114.34,9,3.0,0
684,20.0,55336.81,11459.88,3,4.0,0
513,91.0,63149.65,29615.64,6,4.0,0
343,42.0,100644.28,180277.2,6,1.0,0
423,65.0,227448.07,115569.77,7,2.0,0
849,48.0,123671.86,173836.77,5,3.0,0
304,79.0,2780.32,169894.63,4,2.0,0
804,43.0,54476.53,175013.8,4,4.0,0
828,86.0,33771.0,188842.22,6,2.0,0
596,89.0,184427.45,44975.72,8,3.0,0
446,54.499,155656.3,111350.45,2,1.0,0
772,45.0,119055.19,115689.81,2,4.0,0
325,37.0,100385.96,123173.75,2,2.0,0
328,22.0,120717.26,111948.25,10,2.0,0
536,62.0,240734.19,132758.08,5,2.0,0
563,22.0,161276.16,126706.88,7,3.0,0
742,54.499,20217.92,172821.09,10,1.0,0
311,43.0,145893.12,75841.1,1,2.0,0
810,33.0,10869.07,133720.17,2,3.0,0
383,39.0,22783.18,23663.25,10,4.0,0
612,78.0,154556.97,113341.91,3,3.0,0
351,50.0,14351.7,183096.91,9,2.0,0
480,57.0,128121.91,179604.36,7,2.0,0
468,37.0,60431.84,150735.5,10,1.0,0
670,60.0,74916.98,56333.05,5,4.0,0
834,65.0,122974.23,62006.01,0,3.0,0
700,58.0,87080.09,106633.93,6,3.0,0
371,47.0,97887.03,33615.91,3,4.0,0
341,54.0,23747.71,62172.2,3,1.0,0
395,36.0,2444.41,177028.46,2,2.0,0
498,38.0,25595.31,106304.18,2,4.0,0
490,53.0,179173.42,56935.19,1,3.0,0
415,36.0,41623.45,122658.87,0,3.0,0
686,27.0,122006.95,130830.55,9,3.0,0
456,61.0,248512.82,44911.67,5,3.0,0
315,19.0,118795.91,70967.03,7,2.0,0
742,44.0,74620.18,126777.15,6,4.0,0
788,55.0,244787.27,61411.56,5,1.0,0
843,61.0,190105.64,126851.85,5,1.0,0
606,32.0,152817.45,104182.62,0,1.0,0
630,91.0,231643.93,160993.31,8,2.0,0
445,22.0,93888.97,45875.2,7,2.0,0
528,87.0,212265.4,21998.63,0,2.0,0
395,39.0,62791.46,47424.46,7,3.0,0
414,54.499,97394.32,107028.58,7,4.0,0
591,47.0,91371.05,53133.52,9,3.0,0
471,77.0,134957.33,166253.42,0,1.0,0
726,36.0,169906.92,18316.62,2,4.0,0
310,26.0,182711.62,74360.38,5,4.0,0
397,66.0,159483.68,69213.36,6,1.0,0
348,62.0,27241.04,148213.32,7,4.0,0
837,38.0,48933.03,179855.12,4,2.0,0
664,46.0,233538.3,103992.77,3,2.0,0
656,56.0,86663.9,130782.73,7,2.0,0
702,21.0,105195.7,92508.64,4,2.0,0
345,39.0,107792.65,194065.01,5,3.0,1
393,54.499,150910.9,49294.58,3,1.0,0
306,26.0,196444.54,123050.32,7,2.0,0
689,46.0,65395.25,66004.23,3,2.0,0
617,40.0,156002.8,97318.11,2,2.0,0
570,52.0,67652.07,34089.26,3,1.0,0
491,91.0,129799.94,15249.8,8,2.0,0
385,69.0,50879.45,56628.54,9,4.0,0
359,78.0,78950.33,37721.02,5,3.0,0
466,54.499,219597.04,156042.58,9,2.0,0
693,25.0,152941.25,77668.67,4,2.0,0
549,47.0,35385.68,183348.38,5,3.0,0
328,59.0,217778.39,141880.32,1,1.0,0
635,39.0,233091.16,105118.21,5,1.0,0
420,49.0,44785.07,124698.43,0,3.0,0
506,21.0,62093.94,70957.42,9,1.0,0
664,46.0,127946.39,57475.25,0,2.0,0
635,27.0,115686.78,82418.59,2,1.0,0
602,21.0,223105.36,86384.59,6,2.0,0
567,58.0,93552.75,68719.61,1,4.0,0
598,37.0,6474.35,170046.42,5,1.0,0
802,53.0,132424.93,147421.07,10,4.0,0
400,50.0,150196.33,96603.05,8,3.0,0
565,45.0,195602.08,152269.81,9,3.0,0
385,22.0,16162.24,78858.16,9,3.0,1
843,70.0,78965.0,193286.15,2,1.0,0
763,54.499,243754.06,18112.43,3,1.0,0
580,81.0,100879.0,144369.3,0,3.0,0
351,90.0,2768.39,144326.15,4,3.0,0
586,53.0,89193.43,51845.64,4,2.0,0
352,32.0,142136.42,12675.64,1,2.0,0
775,24.0,135966.41,160056.81,2,1.0,0
425,56.0,138179.79,183679.46,7,4.0,0
446,54.499,113515.29,95508.95,6,3.0,0
807,29.0,136202.98,126665.7,2,4.0,0
672,86.0,105672.51,150131.38,4,4.0,0
521,79.0,108229.37,188292.72,4,4.0,0
701,82.0,137037.61,49930.78,2,2.0,0
838,45.0,209485.29,147288.13,3,2.0,0
640,23.0,7271.53,110991.6,2,1.0,0
711,26.0,55020.02,108490.19,4,2.0,0
490,64.0,117009.43,21912.56,2,4.0,0
594,20.0,188963.55,179385.74,5,2.0,0
623,57.0,132336.79,48394.62,5,3.0,0
775,75.0,164995.94,174973.02,9,1.0,0
558,48.0,96624.81,168250.88,10,3.0,0
715,42.0,42338.71,19019.69,0,2.0,0
354,71.0,101767.8,184538.93,0,2.4913684210526315,0
491,28.0,31442.88,195133.88,2,3.0,0
457,23.0,67920.29,104882.15,10,2.0,0
684,69.0,132980.58,89987.59,0,2.0,0
621,67.0,49303.8,116333.0,7,3.0,0
534,33.0,156835.11,125750.15,7,4.0,0
423,77.0,128767.55,25459.94,5,2.4913684210526315,0
360,49.0,113863.64,61302.14,3,3.0,0
733,58.0,15721.9,175599.55,1,1.0,0
661,54.499,161405.79,137582.61,9,4.0,0
401,79.0,50436.07,37900.05,5,3.0,0
691,89.0,138847.07,118449.52,10,2.0,0
626,41.0,93550.19,130570.69,4,1.0,0
825,71.0,17144.32,14387.73,4,3.0,0
345,54.499,29491.48,127208.52,2,4.0,0
649,33.0,175531.43,35778.31,7,4.0,0
552,82.0,62727.87,42913.42,3,4.0,0
553,27.0,156270.09,36128.2,10,3.0,0
648,28.0,245423.59,175261.82,0,1.0,0
572,20.0,164506.67,190770.61,4,3.0,0
822,18.0,168193.17,88102.39,5,4.0,0
532,59.0,53600.98,91530.14,1,1.0,0
564,27.0,135212.26,84819.14,4,3.0,0
612,66.0,70705.33,30130.44,7,3.0,0
641,36.0,74201.86,142979.78,8,4.0,0
594,84.0,150037.76,97923.77,7,2.0,0
474,54.499,106700.07,168026.9,4,3.0,0
441,86.0,206618.41,173315.93,10,2.0,0
736,38.0,91630.86,144089.57,3,4.0,0
569,54.499,121988.14,171782.13,2,2.0,0
588,58.0,83295.96,56250.57,5,3.0,0
481,48.0,23383.49,32916.12,9,4.0,0
691,51.0,213810.7,81056.93,7,2.4913684210526315,0
574,74.0,127948.99,88766.22,5,3.0,0
587,59.0,212616.87,118661.39,10,3.0,0
637,40.0,85174.31,12779.45,9,2.0,0
357,21.0,120847.33,40101.05,2,3.0,0
424,82.0,200950.99,133546.89,7,2.0,0
640,90.0,193911.79,28836.86,1,1.0,0
475,58.0,180246.94,161936.82,5,4.0,0
339,54.499,151101.82,87316.0,2,1.0,0
778,69.0,62927.12,117781.54,1,1.0,0
546,22.0,109623.05,48968.21,8,4.0,0
509,76.0,162533.99,70166.51,4,2.0,0
343,54.499,68182.61,56402.8,1,2.0,0
495,27.0,124931.75,68298.11,1,1.0,0
446,66.0,184654.37,179183.92,2,2.0,0
481,54.499,232875.51,23059.34,9,2.0,0
306,58.0,238240.67,18701.91,8,2.0,0
631,81.0,235127.86,123969.42,9,4.0,0
631,78.0,206312.04,139182.13,6,4.0,0
599,73.0,157054.67,122048.2,5,3.0,1
715,33.0,139089.17,157729.74,7,2.0,0
819,86.0,70467.05,69760.28,10,3.0,0
521,80.0,211190.09,54992.82,7,1.0,0
698,43.0,90636.34,28778.39,3,2.0,0
352,54.499,77580.34,117678.34,6,4.0,1
577,62.0,88467.92,183288.69,3,4.0,0
515,63.0,156099.36,124900.59,1,2.0,0
524,73.0,29727.7,34922.96,1,3.0,0
740,70.0,76990.1,155519.74,5,2.0,0
376,87.0,66729.6,51868.47,1,4.0,0
820,73.0,33145.43,100595.96,1,2.4913684210526315,0
465,58.0,205825.05,150394.65,4,1.0,1
810,74.0,240285.45,46498.07,8,4.0,0
781,71.0,32206.2,153504.58,5,3.0,0
338,65.0,194584.09,190391.72,1,1.0,0
633,49.0,92387.74,158926.77,10,2.0,0
631,69.0,202838.54,175068.81,7,1.0,0
501,88.0,163978.26,77595.17,7,4.0,0
516,29.0,227118.72,10541.04,3,1.0,0
575,72.0,227940.5,102565.09,10,3.0,0
726,54.499,129997.78,127955.48,3,4.0,0
374,40.0,184693.42,138278.75,0,4.0,0
383,29.0,26873.09,51391.55,2,2.0,0
799,47.0,113196.15,113624.29,1,2.0,0
414,52.0,2517.96,176264.5,9,4.0,0
404,45.0,82152.25,168268.98,5,1.0,0
789,54.499,201446.25,50267.03,10,4.0,0
446,76.0,193555.76,100716.53,10,3.0,0
433,47.0,245913.63,79755.02,5,1.0,0
486,82.0,156514.3,164322.68,5,4.0,0
368,42.0,59075.3,53429.02,2,3.0,0
530,46.0,238321.63,163456.62,10,4.0,0
712,65.0,47250.51,180944.16,3,4.0,0
342,77.0,188125.79,164778.11,8,2.4913684210526315,0
469,43.0,19393.53,160238.7,7,2.0,0
577,40.0,112177.41,114545.58,1,2.0,0
588,39.0,78899.77,57737.36,10,2.0,0
398,57.0,174004.04,148832.81,3,3.0,0
582,90.0,80540.23,25875.05,3,4.0,0
497,20.0,198295.36,134107.46,8,4.0,0
694,56.0,237765.7,41599.61,8,4.0,0
507,89.0,71540.48,146404.14,1,2.0,0
308,55.0,124988.43,47405.88,8,1.0,0
732,31.0,212073.41,40243.81,3,3.0,0
304,36.0,8305.67,103145.92,8,3.0,1
659,26.0,121556.87,189939.44,0,2.0,0
747,78.0,234393.41,158505.79,6,2.4913684210526315,0
779,80.0,103446.31,195922.32,10,1.0,0
315,19.0,32940.74,127846.54,7,3.0,0
759,29.0,237163.14,168188.65,5,4.0,0
726,30.0,2377.11,144323.44,0,2.0,0
647,33.0,172237.6,91158.13,8,2.0,0
311,59.0,241244.12,113683.88,9,1.0,0
456,54.0,196117.21,135625.16,0,2.0,0
457,57.0,7512.43,99532.4,9,2.0,0
849,74.0,33962.36,181740.25,8,2.4913684210526315,0
745,61.0,135727.97,74855.69,5,3.0,0
512,28.0,45205.0,168370.22,4,3.0,0
735,66.0,237956.45,98896.65,6,2.0,0
385,57.0,30147.33,126834.27,5,1.0,0
522,80.0,90985.77,126086.62,3,2.0,0
506,69.0,59507.08,19998.52,5,1.0,0
534,66.0,179270.01,117749.48,5,2.0,0
348,89.0,150255.6,126269.08,5,1.0,0
691,54.499,217088.19,58639.41,8,2.0,0
352,31.0,247987.77,60421.63,0,4.0,0
655,34.0,229707.44,69725.31,6,2.0,0
306,54.499,57411.89,168223.55,10,4.0,0
803,83.0,55701.86,190199.43,1,1.0,0
755,86.0,167871.31,190577.89,9,2.0,0
849,35.0,103563.02,179222.75,5,3.0,0
402,61.0,206138.97,139226.2,6,1.0,0
341,49.0,221213.51,159023.89,9,1.0,0
582,69.0,150574.42,63864.32,2,1.0,0
459,51.0,213343.49,77604.94,1,1.0,0
546,46.0,37261.76,42795.85,6,1.0,0
626,43.0,25016.52,26818.98,7,1.0,0
344,71.0,75616.39,53951.78,4,3.0,0
418,75.0,228526.9,70679.39,8,1.0,0
307,41.0,247915.99,39677.87,2,2.0,0
408,29.0,239632.25,123803.55,8,3.0,0
814,22.0,245552.7,69585.96,3,2.0,0
722,57.0,23387.75,21916.14,10,4.0,1
759,91.0,119037.13,197285.98,0,2.4913684210526315,0
466,69.0,146020.82,184704.54,3,4.0,0
498,70.0,191094.36,106846.2,0,3.0,0
620,54.499,611.97,12257.04,5,4.0,0
700,56.0,46474.76,92861.06,1,4.0,0
660,38.0,29157.62,82805.9,2,4.0,0
321,54.499,143054.81,28808.95,1,1.0,0
566,73.0,28240.62,118915.8,0,2.0,0
820,57.0,89433.7,112106.27,6,1.0,0
767,54.499,125210.94,62291.42,0,4.0,0
636,55.0,28244.04,161604.47,0,1.0,0
604,27.0,52354.39,185475.16,9,1.0,0
802,80.0,208971.53,195707.12,9,3.0,0
734,82.0,40882.18,187908.24,3,1.0,0
465,37.0,242558.79,197077.84,5,4.0,0
810,44.0,136883.44,192752.64,3,1.0,0
603,82.0,223224.28,199482.77,10,2.0,0
456,78.0,176888.27,174746.34,1,1.0,0
611,84.0,143284.57,108849.41,7,1.0,0
763,25.0,191997.74,78877.16,2,1.0,0
482,18.0,84539.88,69822.84,9,1.0,0
672,61.0,28763.18,178439.17,3,4.0,0
672,76.0,227725.68,160970.96,2,2.0,1
691,54.499,23084.94,152437.49,5,2.0,0
796,36.0,104445.2,151212.06,5,4.0,0
738,44.0,76451.97,147402.68,8,1.0,0
349,42.0,108737.34,119423.49,0,2.0,0
778,57.0,217965.95,177079.75,0,1.0,0
700,26.0,106247.28,37578.52,4,3.0,0
656,47.0,99205.35,48206.59,7,1.0,0
814,25.0,80456.0,154679.79,1,2.0,0
618,24.0,214059.31,67137.95,0,4.0,0
685,58.0,127477.36,103609.19,5,3.0,0
760,78.0,178372.04,122432.62,9,1.0,0
401,86.0,174115.39,65017.0,8,1.0,0
572,64.0,177497.14,181274.28,8,3.0,0
475,85.0,209713.46,185263.26,2,3.0,0
484,41.0,64879.39,98075.54,10,2.0,0
378,55.0,120777.55,65886.54,8,2.0,0
713,71.0,189269.92,46958.68,2,2.0,0
849,29.0,24969.04,28511.11,1,1.0,1
314,82.0,188575.68,67467.74,2,1.0,1
542,54.499,21867.25,177817.45,1,3.0,0
702,33.0,67223.79,142500.66,5,2.0,0
336,54.499,27996.39,184032.8,10,1.0,0
746,24.0,187293.11,48858.51,9,2.0,0
572,60.0,17955.5,20770.83,5,1.0,0
579,78.0,195850.75,113902.66,4,4.0,0
387,78.0,155199.81,192474.34,8,1.0,0
417,63.0,17172.23,79538.43,7,2.0,0
769,19.0,101290.32,147216.92,0,1.0,0
751,46.0,163782.89,170967.09,0,3.0,0
413,88.0,177103.72,122130.64,8,4.0,0
828,82.0,10040.86,36424.66,10,1.0,1
640,39.0,179536.13,160898.43,0,4.0,0
633,54.499,144747.61,131220.35,6,2.0,0
534,64.0,161949.07,65277.12,8,1.0,0
654,80.0,94911.79,191673.65,4,2.0,0
548,49.0,202353.96,22633.89,10,3.0,0
358,54.499,204740.19,98885.29,5,2.0,0
361,29.0,248447.57,195660.25,6,1.0,0
663,54.0,127871.32,174671.37,7,2.4913684210526315,0
736,77.0,132421.25,30409.26,9,4.0,0
322,69.0,62626.56,159205.72,7,4.0,0
749,66.0,49919.89,141101.01,9,4.0,0
651,54.499,210119.56,73187.76,5,2.0,1
718,47.0,25746.03,83066.62,9,4.0,0
378,68.0,118506.28,78830.79,0,2.4913684210526315,0
380,55.0,223136.3,61697.41,7,1.0,0
819,57.0,133613.97,115055.06,1,3.0,0
438,87.0,72962.64,159592.91,5,1.0,0
619,85.0,18869.27,108435.66,7,3.0,0
456,80.0,104857.87,160500.9,4,3.0,0
430,20.0,29530.03,45092.34,8,4.0,0
758,42.0,41667.77,74863.17,10,3.0,0
822,54.499,68699.07,197073.03,8,2.0,0
823,18.0,136062.57,169322.1,3,1.0,0
555,37.0,188904.35,140608.03,7,1.0,0
691,50.0,170053.76,37963.52,1,4.0,0
496,63.0,86261.19,164630.66,2,2.0,0
785,20.0,119289.45,20095.47,1,3.0,0
431,20.0,216025.53,85136.36,6,4.0,0
328,77.0,193761.7,42733.1,0,3.0,0
827,54.499,35638.67,20896.94,1,3.0,0
786,41.0,140899.38,199779.92,4,1.0,0
404,48.0,162750.06,13710.84,6,1.0,0
450,73.0,133968.12,43984.04,2,2.0,0
427,72.0,161633.97,46862.41,8,2.0,0
388,30.0,186879.0,53844.04,8,1.0,0
774,25.0,184927.62,182983.47,9,1.0,0
389,31.0,195572.49,34927.62,5,4.0,0
693,70.0,168758.97,106470.2,2,2.0,0
480,41.0,15149.6,54039.45,10,3.0,0
648,47.0,209675.82,61515.73,10,4.0,0
640,87.0,40570.68,161150.16,0,2.0,0
700,39.0,43720.66,148947.66,2,2.0,0
595,90.0,127088.53,188815.89,3,2.0,0
305,45.0,162245.18,80447.22,10,3.0,0
785,78.0,199487.75,93285.5,3,3.0,0
798,75.0,124695.24,139283.27,1,3.0,0
491,78.0,53464.26,71699.86,6,1.0,0
695,84.0,104429.18,105118.44,7,1.0,0
439,53.0,116712.01,119167.54,7,3.0,0
503,44.0,34017.78,50410.95,5,1.0,0
431,54.499,71362.22,112891.62,4,3.0,0
308,81.0,58844.67,126268.45,10,1.0,0
305,90.0,237614.89,75671.78,3,3.0,0
422,60.0,32186.42,75750.36,3,1.0,0
421,54.499,21444.88,181525.14,10,1.0,0
429,54.499,247884.3,116549.33,10,2.0,1
486,83.0,153341.42,156562.56,0,4.0,1
817,33.0,218594.48,71814.86,9,3.0,0
310,90.0,233602.61,65385.43,2,2.0,0
715,30.0,61359.42,19095.6,0,3.0,0
387,54.499,135719.12,130301.42,3,3.0,0
469,63.0,90148.21,153213.41,10,3.0,0
326,46.0,80153.89,46811.33,5,2.0,0
549,19.0,105376.33,136393.82,8,3.0,0
602,87.0,233275.77,42454.56,6,1.0,0
835,54.499,43661.96,99024.89,0,4.0,0
316,40.0,61517.15,26995.71,1,3.0,0
552,83.0,138657.04,111631.13,0,1.0,0
568,26.0,249111.91,192594.86,5,4.0,0
528,78.0,151759.02,181783.8,9,3.0,1
690,55.0,196632.89,185287.92,4,1.0,1
641,37.0,177524.23,63389.61,3,2.0,0
331,44.0,72823.37,29056.95,10,4.0,1
424,86.0,33642.75,42866.39,8,2.0,0
367,87.0,96533.22,20648.98,2,1.0,0
649,32.0,79552.73,78501.83,7,4.0,0
505,84.0,12753.44,136242.35,7,3.0,0
685,73.0,132626.7,126991.11,5,4.0,0
551,48.0,219808.41,174621.65,5,3.0,0
349,69.0,6737.48,175022.81,10,2.0,0
824,88.0,180068.89,135294.69,1,2.0,0
707,88.0,106916.16,177946.3,2,4.0,0
492,36.0,89066.57,167290.06,2,4.0,0
458,81.0,52633.35,199055.48,1,3.0,0
433,77.0,33138.1,52285.54,1,2.4913684210526315,0
549,63.0,43572.03,195219.7,3,3.0,0
616,75.0,30120.87,126033.64,7,1.0,0
315,18.0,12641.94,47154.21,8,2.4913684210526315,0
680,70.0,5123.7,185864.74,3,4.0,0
679,28.0,212398.03,69570.89,3,4.0,0
465,54.499,50294.73,59500.07,1,3.0,0
552,91.0,217951.49,15151.86,6,2.0,0
469,57.0,68156.41,148159.36,8,3.0,0
591,31.0,119825.05,39799.49,1,2.0,0
682,80.0,33445.96,37728.95,1,1.0,0
648,74.0,27741.59,71500.49,5,3.0,0
765,89.0,196841.52,63668.87,10,3.0,0
410,53.0,169241.55,163059.89,4,3.0,1
468,52.0,48151.06,120521.19,9,3.0,0
430,37.0,185020.6,111340.97,7,3.0,0
539,34.0,231091.1,11089.31,3,2.0,0
517,65.0,44236.41,192902.83,4,2.0,0
528,54.499,47458.87,48512.68,4,1.0,0
631,51.0,170253.19,57936.59,5,1.0,0
448,68.0,19155.33,20822.81,0,4.0,0
779,33.0,50151.83,137841.38,5,4.0,0
338,63.0,140497.15,162716.26,4,3.0,0
545,54.499,195387.22,108090.17,9,4.0,0
477,77.0,239699.16,156926.0,2,2.0,0
350,58.0,240710.03,13646.28,5,2.0,0
577,84.0,238991.69,134771.49,10,4.0,0
642,36.0,142262.82,49123.97,2,2.0,1
671,47.0,245237.58,77760.91,9,3.0,0
549,80.0,56242.46,144275.66,4,4.0,0
532,72.0,226121.03,57994.75,6,3.0,0
391,31.0,29575.36,143373.06,4,3.0,0
391,20.0,26249.87,16065.85,9,1.0,0
738,18.0,179574.87,37424.98,0,3.0,0
778,54.499,239179.56,175897.76,6,3.0,0
840,80.0,3632.38,124876.98,4,3.0,0
731,86.0,137428.2,90208.84,5,2.0,0
669,23.0,11668.21,79449.46,1,4.0,0
386,54.499,58072.79,172774.85,9,4.0,0
689,71.0,180167.22,123112.69,10,3.0,0
702,85.0,152975.77,139876.57,10,1.0,1
402,54.499,26453.47,169043.82,8,2.0,0
471,71.0,65466.17,82599.96,2,3.0,0
572,26.0,144198.33,121784.4,3,2.0,0
714,24.0,185067.36,111862.11,0,3.0,0
521,90.0,206837.97,51322.79,4,4.0,0
724,61.0,133996.62,169457.75,9,2.0,0
654,85.0,213742.89,52294.14,9,3.0,0
505,61.0,121026.51,117457.86,9,2.0,0
795,69.0,219922.43,43055.69,0,1.0,0
834,87.0,100054.22,110020.93,9,4.0,0
774,58.0,140014.34,37506.76,8,3.0,0
374,46.0,174735.62,92031.94,4,1.0,0
538,26.0,126057.15,46148.54,3,2.0,0
649,26.0,210884.56,48360.58,9,3.0,0
739,33.0,165008.2,73422.7,6,3.0,0
798,40.0,247591.13,131752.23,3,1.0,0
359,41.0,119773.24,120431.38,4,1.0,0
342,29.0,142062.38,157032.21,8,1.0,0
807,54.499,177681.24,174731.88,1,2.0,1
643,86.0,31375.89,124867.19,4,4.0,1
437,54.499,243512.34,16213.6,2,3.0,0
649,20.0,107846.55,94037.05,6,4.0,0
691,83.0,99444.6,115615.78,0,4.0,0
509,88.0,196938.33,164598.35,1,3.0,0
453,65.0,126972.61,185903.64,8,4.0,0
475,65.0,186432.71,190737.46,3,1.0,0
520,67.0,30661.04,12246.54,2,1.0,0
487,54.0,27512.75,106647.28,2,2.0,0
606,57.0,96153.58,89074.55,10,4.0,0
761,79.0,107135.36,144416.7,0,4.0,0
426,67.0,9012.75,99760.64,6,4.0,0
341,54.499,202539.78,138783.29,6,3.0,0
569,27.0,162323.28,135205.31,5,1.0,0
399,54.499,116713.22,169145.89,2,1.0,0
500,67.0,58685.19,162505.04,3,4.0,0
393,27.0,12449.61,31470.62,10,2.4913684210526315,0
358,54.499,86639.29,194754.42,4,1.0,0
652,36.0,25488.56,58698.61,7,2.0,0
749,71.0,246639.33,77911.17,0,1.0,0
589,54.499,124982.23,19958.01,7,1.0,0
718,91.0,124597.68,184531.86,4,1.0,0
307,53.0,172976.04,193951.7,5,4.0,0
392,54.499,80177.26,126918.13,3,2.0,0
426,54.0,183372.49,64332.3,3,4.0,0
771,21.0,78149.96,177549.73,2,3.0,0
429,23.0,9073.66,92801.66,4,2.0,0
609,75.0,153624.43,191620.53,1,1.0,0
489,81.0,36644.86,176005.18,5,3.0,0
463,38.0,217909.9,140305.15,0,3.0,0
477,28.0,11552.79,140994.08,3,4.0,0
502,82.0,213251.87,116879.91,9,4.0,0
846,54.499,38068.5,21531.41,6,2.0,0
680,61.0,154928.12,176185.09,6,3.0,0
814,86.0,126747.76,46008.76,10,3.0,1
837,49.0,136970.89,118601.39,8,1.0,0
552,54.499,207875.68,63610.95,10,4.0,0
697,48.0,113961.1,47321.43,9,3.0,0
638,59.0,91803.51,69724.23,7,1.0,0
507,54.499,130175.28,24784.62,2,1.0,0
645,60.0,13956.18,14921.67,7,4.0,0
830,63.0,72877.42,115296.01,10,3.0,0
538,61.0,62690.73,136757.56,6,2.0,0
405,57.0,4307.17,84045.02,9,2.0,0
384,59.0,215537.27,90583.95,3,2.4913684210526315,0
649,40.0,205274.02,49710.39,0,4.0,0
504,54.499,215110.78,64025.7,8,2.0,0
504,81.0,173289.39,80433.6,9,3.0,0
355,18.0,50209.9,178209.38,6,3.0,0
723,46.0,176015.53,160489.02,0,2.0,0
471,86.0,146153.78,28469.86,10,3.0,0
626,19.0,72985.1,144590.86,10,2.0,0
482,48.0,118676.38,83229.61,5,2.0,0
396,65.0,63122.53,103103.61,9,2.0,0
344,54.499,47316.49,20235.73,7,4.0,0
367,30.0,76202.58,176360.66,10,4.0,0
778,43.0,6971.18,162463.09,1,2.4913684210526315,0
724,89.0,83317.24,91002.55,3,2.0,0
376,56.0,124916.32,45004.97,10,1.0,0
376,67.0,135303.45,191831.03,7,1.0,0
412,88.0,94395.8,29359.25,1,2.0,0
343,90.0,102658.23,80173.54,6,3.0,0
405,90.0,104556.27,78966.95,2,3.0,0
793,81.0,2776.05,11805.31,9,4.0,0
801,52.0,63725.23,22414.44,1,3.0,0
780,46.0,153355.92,182266.23,6,3.0,0
687,42.0,121869.56,48467.62,5,1.0,0
623,71.0,92458.66,135922.28,5,3.0,0
774,81.0,135314.67,82461.79,2,1.0,0
766,19.0,13181.51,36280.95,5,1.0,0
576,61.0,224732.26,54985.47,7,4.0,0
702,54.499,95173.77,100448.29,7,1.0,0
726,73.0,94398.62,85419.54,7,2.0,0
437,73.0,64278.65,192318.81,9,4.0,1
542,49.0,218181.76,25078.02,1,2.0,0
781,42.0,193282.52,104468.15,10,2.0,0
816,82.0,27131.08,186721.34,7,3.0,0
554,54.0,106910.25,26904.9,7,2.0,0
445,87.0,150967.74,164843.88,1,1.0,0
565,51.0,74554.47,139535.86,1,2.0,0
586,73.0,189402.53,70030.45,6,2.0,0
582,83.0,155281.78,148530.81,2,1.0,0
311,50.0,190641.87,187940.49,7,4.0,0
315,66.0,78742.98,199685.78,5,1.0,0
445,27.0,37982.05,147056.01,7,3.0,0
598,82.0,154235.93,125807.77,4,4.0,0
482,63.0,64992.97,170968.15,0,2.4913684210526315,0
528,64.0,194538.49,80732.99,5,3.0,0
402,21.0,116624.58,93861.07,3,3.0,0
404,85.0,57527.37,77870.76,3,4.0,0
553,46.0,244043.04,150823.44,0,4.0,0
547,59.0,48984.36,77066.42,0,3.0,0
724,59.0,73726.22,104687.54,5,1.0,0
460,81.0,109860.72,31800.8,2,2.4913684210526315,0
848,38.0,227968.79,88466.46,6,2.0,0
356,80.0,183868.2,191389.06,6,3.0,0
414,43.0,150337.32,184700.56,8,3.0,1
458,28.0,127262.07,133986.2,4,2.0,0
780,54.499,208749.49,48017.2,8,4.0,0
417,52.0,71752.08,36462.52,9,4.0,0
432,85.0,108833.11,197022.41,2,4.0,0
848,68.0,144946.1,20531.18,0,2.0,0
429,64.0,88704.13,181184.98,3,4.0,0
638,68.0,249746.15,38768.34,2,3.0,0
513,46.0,198892.27,169566.38,9,2.0,0
433,39.0,123764.55,153753.48,9,3.0,0
325,70.0,117943.2,82921.02,7,2.4913684210526315,0
335,80.0,17029.43,45713.75,4,2.0,0
338,70.0,210255.44,85070.02,5,3.0,0
648,54.499,28163.3,134864.36,4,1.0,0
630,80.0,155737.46,164268.66,5,4.0,0
693,60.0,152055.02,198277.16,1,3.0,0
839,58.0,157329.6,170476.36,3,1.0,0
819,54.0,117488.72,46237.2,5,3.0,0
654,55.0,46364.29,73802.53,5,2.0,0
427,85.0,75628.81,191478.24,5,2.0,0
397,79.0,182386.91,105787.17,9,3.0,0
466,29.0,77882.35,21176.64,0,4.0,0
482,45.0,42339.46,151639.9,3,2.0,0
754,65.0,26750.78,79111.69,10,4.0,0
683,87.0,47519.22,72517.89,3,3.0,0
651,46.0,197031.43,90816.0,5,4.0,0
660,47.0,84978.03,163212.55,4,4.0,0
722,54.499,6511.73,60326.58,9,2.4913684210526315,0
557,34.0,4121.45,111208.75,3,4.0,0
525,53.0,110526.77,84055.11,8,3.0,0
637,77.0,163280.35,155754.8,6,2.0,0
401,53.0,4965.24,112204.81,5,4.0,0
657,77.0,67790.92,115868.52,6,4.0,0
614,79.0,85574.21,94616.16,2,3.0,0
464,69.0,207478.29,12833.45,9,3.0,0
346,38.0,6572.12,149718.57,1,4.0,0
704,20.0,66743.71,72035.15,3,1.0,0
301,54.499,147618.87,140147.87,5,4.0,0
439,58.0,93238.26,121512.58,5,3.0,0
460,67.0,128899.2,172650.37,7,4.0,0
710,91.0,39710.87,43916.94,6,4.0,0
679,54.499,18244.3,36867.16,2,4.0,0
488,32.0,213048.79,185919.19,8,4.0,0
807,39.0,55961.95,175460.96,2,3.0,1
749,21.0,26087.92,122363.66,5,1.0,0
532,87.0,50689.54,154860.27,10,2.0,0
722,26.0,33356.39,45811.23,9,1.0,0
780,64.0,68692.42,144025.91,4,2.0,0
818,84.0,169364.55,159081.41,1,2.0,0
536,59.0,228264.8,171353.5,5,2.0,0
363,42.0,122856.58,63549.38,0,4.0,0
361,77.0,86052.19,197478.28,4,3.0,0
523,79.0,42781.33,51949.16,1,1.0,0
622,90.0,142081.43,175515.53,1,4.0,0
547,59.0,46443.12,74908.19,3,2.0,0
342,65.0,7406.57,196680.27,5,2.0,0
379,30.0,110268.92,102365.71,7,3.0,0
616,80.0,129254.06,186489.68,8,2.0,0
766,91.0,10147.88,94115.57,6,4.0,0
646,39.0,195978.52,15136.24,8,4.0,0
775,45.0,232696.75,48296.83,6,1.0,0
490,91.0,41055.6,182333.2,6,3.0,0
354,61.0,143733.04,28424.68,8,3.0,0
592,34.0,159898.65,17827.34,7,4.0,1
773,63.0,13815.23,125541.37,5,4.0,0
341,77.0,236223.43,66195.44,10,1.0,0
735,59.0,65213.23,148673.03,9,4.0,0
361,45.0,136126.64,48281.53,3,2.4913684210526315,0
732,71.0,110864.99,116730.8,8,1.0,0
727,56.0,170090.89,181918.46,4,3.0,0
332,54.499,114127.84,179333.24,8,3.0,0
432,60.0,217618.38,15439.32,1,4.0,0
303,81.0,196564.33,174430.01,8,3.0,0
405,54.499,115730.41,81621.92,10,4.0,0
783,37.0,90574.48,17417.51,0,4.0,0
367,25.0,70159.33,156372.73,7,2.0,0
675,37.0,178543.28,166935.71,4,2.0,0
700,23.0,173259.74,159823.61,10,4.0,0
360,35.0,42242.4,193813.73,5,2.0,0
429,78.0,176638.7,172708.02,6,4.0,0
476,81.0,50654.33,49182.97,8,3.0,0
400,54.499,194104.83,191984.94,9,1.0,0
649,54.499,46407.81,49388.53,5,2.0,0
379,90.0,201760.4,85187.18,4,1.0,0
831,44.0,56472.37,130453.11,5,3.0,0
756,64.0,78738.26,186580.66,2,4.0,0
479,73.0,7824.38,101666.45,4,1.0,0
356,33.0,207705.12,147324.93,4,4.0,0
841,19.0,103501.81,106852.98,1,1.0,0
380,39.0,106842.09,182811.17,0,2.0,0
753,54.499,9641.83,199412.08,10,4.0,0
354,78.0,235154.7,81376.97,10,1.0,0
435,29.0,96490.48,12862.57,6,1.0,0
647,54.499,204502.09,138527.84,9,4.0,0
699,69.0,172901.84,147788.08,7,1.0,0
455,80.0,171254.06,108106.31,8,1.0,0
353,34.0,53652.13,62383.3,0,3.0,0
635,72.0,161228.5,111998.07,9,2.0,0
320,32.0,87125.09,101866.27,1,1.0,0
742,58.0,89370.91,146856.94,2,4.0,0
721,25.0,96919.36,153398.36,1,2.0,0
639,66.0,52298.35,188458.44,1,3.0,0
763,50.0,245324.53,129812.95,6,3.0,0
735,77.0,233664.29,63538.7,0,4.0,0
524,33.0,104586.57,147286.14,3,2.4913684210526315,0
581,55.0,173232.15,168473.52,1,2.0,0
600,38.0,131533.8,159349.36,5,3.0,1
494,69.0,166364.69,66464.0,9,4.0,0
518,60.0,87215.5,140765.4,4,4.0,0
413,59.0,136350.64,43590.05,7,3.0,0
537,66.0,160676.48,150473.07,3,3.0,0
537,57.0,137145.38,42830.33,2,4.0,0
839,59.0,4245.26,38739.06,2,2.0,0
724,30.0,13683.74,173033.46,5,1.0,0
635,44.0,87460.5,107085.06,3,2.4913684210526315,0
754,67.0,126159.0,86846.85,5,2.0,0
670,55.0,148585.54,124867.02,2,2.0,0
505,85.0,88534.64,43280.24,5,2.0,0
409,60.0,37337.13,180396.85,3,4.0,0
637,64.0,31576.54,195911.76,3,4.0,0
555,83.0,243794.75,133490.27,4,1.0,0
695,34.0,186782.7,77575.18,2,2.0,0
523,26.0,201405.38,14500.74,6,3.0,0
455,61.0,44074.9,94627.63,9,3.0,0
831,23.0,238880.74,112628.29,3,1.0,0
648,41.0,206690.16,196052.54,9,2.0,0
758,87.0,20937.49,169849.96,9,3.0,0
423,20.0,247689.04,50428.12,10,4.0,0
335,33.0,177084.0,98540.89,10,1.0,0
394,33.0,102096.73,70808.08,8,1.0,0
533,65.0,55891.85,34042.98,6,1.0,0
407,54.499,224737.78,185658.53,6,3.0,0
425,50.0,17687.23,89920.12,4,2.0,0
832,72.0,150339.74,57619.25,0,2.0,0
541,55.0,14606.98,151939.67,10,4.0,0
499,54.499,127741.82,98685.43,1,2.0,0
794,63.0,50037.7,97554.19,10,2.0,0
628,86.0,161800.2,88367.18,0,4.0,0
761,49.0,224692.67,151155.75,2,4.0,0
837,31.0,80832.3,95642.07,5,4.0,0
479,70.0,30524.41,110183.51,3,1.0,0
385,25.0,209944.89,161071.09,4,2.0,0
791,54.499,244537.32,126661.34,5,1.0,0
596,45.0,114073.08,184916.28,0,4.0,0
407,77.0,10088.8,38809.13,9,1.0,0
780,28.0,218305.77,85631.21,3,4.0,0
741,85.0,78016.16,19401.18,8,2.0,0
300,37.0,202257.83,29641.88,5,4.0,0
663,54.499,113106.47,44895.83,9,2.0,0
373,69.0,135564.65,96373.92,6,3.0,0
331,64.0,158605.65,108357.79,10,4.0,0
362,22.0,92214.52,167042.56,1,4.0,0
751,38.0,146406.0,134852.74,3,1.0,0
324,26.0,205241.07,50017.71,10,2.0,0
390,54.0,103761.42,183656.65,4,3.0,0
602,68.0,104251.14,140690.07,1,1.0,0
334,22.0,22201.07,94144.62,4,3.0,0
707,60.0,246106.53,105714.1,10,2.0,0
500,81.0,192458.04,99715.94,9,1.0,0
487,26.0,141858.59,82064.9,4,2.0,0
840,89.0,48408.06,132560.53,0,3.0,0
499,48.0,56823.34,52855.83,6,2.0,0
829,32.0,208954.4,63368.73,2,1.0,0
444,90.0,119719.99,49946.58,7,2.0,0
470,43.0,162910.88,171325.92,8,4.0,0
366,62.0,141144.48,131398.74,5,2.0,0
599,54.499,99257.56,29956.49,5,3.0,0
596,34.0,19974.4,54742.05,9,2.4913684210526315,0
319,63.0,147187.56,15771.99,0,3.0,0
772,33.0,47356.56,140469.32,3,3.0,0
315,32.0,159076.96,185381.68,4,2.0,0
345,45.0,90002.34,38595.32,10,3.0,0
551,66.0,39675.08,136612.07,6,3.0,0
418,75.0,84627.13,73625.31,10,1.0,1
846,81.0,232816.98,43960.27,10,1.0,0
659,51.0,87696.43,85568.45,10,3.0,0
693,38.0,59685.99,111225.06,2,2.0,0
521,61.0,147990.77,141622.87,8,1.0,0
583,86.0,215463.79,153944.24,6,1.0,0
320,58.0,139050.91,99856.37,7,2.0,0
479,48.0,152406.85,157158.28,9,1.0,1
794,77.0,81540.89,98132.28,7,2.0,0
766,43.0,103084.98,105531.98,9,1.0,0
703,26.0,227874.45,166275.93,1,4.0,0
378,59.0,229888.89,72287.84,7,1.0,0
555,62.0,129938.54,16468.53,10,2.0,0
413,20.0,167935.86,47331.67,8,1.0,0
619,40.0,210419.62,21275.83,8,2.0,0
829,26.0,15514.86,34385.14,4,3.0,0
498,73.0,218500.58,173863.78,4,4.0,0
468,21.0,229487.17,126544.46,8,2.0,0
643,67.0,119902.14,189741.41,4,4.0,0
411,47.0,53178.01,21997.73,1,1.0,0
778,75.0,113063.04,25549.72,2,1.0,0
390,49.0,6261.45,44104.65,3,1.0,0
789,64.0,160121.35,109944.15,7,3.0,0
742,81.0,92917.83,185012.05,5,2.0,0
691,84.0,241447.88,80708.99,0,2.0,0
655,87.0,177216.76,17653.61,6,2.0,0
748,90.0,136857.7,154522.11,10,4.0,0
663,18.0,124133.03,151768.06,3,2.0,0
737,60.0,39560.26,95106.33,1,1.0,0
386,67.0,84000.83,87112.52,4,2.0,0
367,40.0,171888.31,101490.35,10,4.0,0
381,32.0,128404.86,179895.08,6,2.0,0
584,52.0,54246.99,64422.5,1,3.0,0
540,65.0,107258.22,146127.47,9,4.0,0
383,71.0,138050.44,61793.55,0,2.4913684210526315,0
392,37.0,32220.72,79838.05,5,2.0,0
713,40.0,32531.66,104881.65,1,1.0,0
497,63.0,246788.79,86302.51,5,4.0,0
603,70.0,88666.98,99246.27,7,2.4913684210526315,0
467,70.0,233254.19,55977.35,9,2.0,0
683,39.0,124568.62,26298.31,7,1.0,0
392,87.0,117060.85,156875.53,0,1.0,0
840,54.499,188257.46,87899.83,10,4.0,0
407,54.0,140615.09,95519.46,0,3.0,0
682,26.0,229531.7,59300.58,0,4.0,0
519,55.0,241629.04,138025.49,2,1.0,0
350,34.0,25467.57,117779.86,5,3.0,0
543,59.0,248095.19,66231.9,6,1.0,0
773,58.0,341.34,127836.27,3,2.0,0
583,36.0,183016.63,14465.4,2,2.0,0
335,80.0,119390.9,17612.48,9,1.0,0
330,57.0,157238.31,124341.18,7,4.0,0
405,54.499,57189.38,119532.15,3,3.0,0
498,82.0,144949.44,35376.48,10,4.0,0
309,20.0,195411.49,114638.35,1,1.0,0
555,37.0,160024.26,129163.42,5,3.0,0
459,37.0,124572.99,77331.28,9,1.0,0
464,27.0,234223.36,38961.9,4,1.0,0
342,70.0,109136.43,111157.83,6,2.0,0
611,54.499,26646.35,199279.93,9,2.0,0
376,85.0,124939.4,145219.37,0,4.0,0
670,22.0,2372.85,35180.06,6,3.0,0
703,29.0,163475.18,100967.99,10,4.0,1
745,46.0,230583.62,189924.87,3,2.0,0
813,25.0,58777.9,111390.46,10,2.0,0
341,55.0,103449.23,16548.72,10,1.0,1
300,22.0,205441.97,92674.72,0,2.0,0
635,54.499,46716.53,42570.21,2,4.0,0
390,73.0,166677.58,172491.43,1,1.0,0
362,74.0,139232.19,110069.08,2,2.4913684210526315,0
605,90.0,10250.9,193241.04,4,2.0,0
802,54.499,124491.69,56702.77,3,2.4913684210526315,0
796,84.0,18625.79,72312.88,6,1.0,0
459,54.499,2875.39,197286.46,9,2.0,0
584,38.0,44572.69,162182.53,7,3.0,0
470,36.0,241078.04,173433.93,4,1.0,0
685,55.0,191112.95,56202.84,1,4.0,0
841,34.0,15079.04,119057.49,5,4.0,1
557,77.0,59159.47,29260.41,6,2.0,0
734,81.0,197773.47,143891.63,6,4.0,0
712,54.499,200213.88,179837.06,0,1.0,0
627,89.0,153934.52,27490.8,9,1.0,0
728,42.0,61309.88,34096.42,9,1.0,0
642,52.0,16540.24,158698.93,7,2.0,0
827,91.0,152967.19,127953.66,6,1.0,0
428,81.0,168709.8,158828.26,7,1.0,0
836,86.0,77625.6,115055.49,1,1.0,0
812,21.0,102688.78,75403.36,10,1.0,0
739,46.0,16175.46,153685.62,0,1.0,1
790,35.0,59265.28,79582.33,8,1.0,0
427,74.0,114846.95,11996.85,9,4.0,0
485,75.0,185100.36,94609.35,8,2.0,1
578,50.0,199219.2,168050.57,3,1.0,0
392,55.0,24497.66,87008.36,10,3.0,0
407,38.0,196572.41,186896.49,6,2.4913684210526315,0
789,30.0,43083.82,118772.84,1,3.0,0
466,86.0,43470.89,153232.83,9,4.0,0
321,78.0,24905.52,198360.0,9,1.0,0
784,43.0,172940.89,192929.58,10,4.0,0
644,24.0,222097.93,147233.91,9,3.0,0
766,52.0,142220.18,136889.84,0,4.0,0
658,64.0,135563.86,11673.9,3,2.0,0
618,54.499,31709.03,171067.32,9,4.0,0
508,56.0,50502.44,105184.77,0,3.0,0
421,60.0,146431.94,93597.14,1,3.0,0
552,28.0,96123.74,26273.95,3,2.0,0
463,32.0,15492.07,135457.27,1,4.0,0
474,20.0,163840.81,142446.1,6,1.0,1
420,19.0,226961.66,125886.39,10,1.0,0
546,84.0,171823.86,25374.88,10,1.0,0
835,76.0,71247.1,72995.43,5,1.0,0
841,69.0,131901.25,180581.29,6,3.0,0
809,87.0,225075.63,136376.41,3,1.0,0
689,63.0,119992.54,50734.19,7,2.0,0
812,37.0,176641.89,23097.35,8,4.0,0
333,33.0,223981.58,87896.39,6,1.0,0
447,83.0,242468.24,83976.53,2,4.0,0
573,52.0,244445.96,62868.97,1,3.0,0
389,68.0,122905.66,104240.83,6,1.0,0
736,19.0,2269.48,154224.13,9,1.0,1
364,20.0,69181.23,54980.22,5,3.0,1
402,55.0,129976.99,122853.48,6,2.0,0
552,18.0,209637.44,129824.33,8,3.0,0
842,63.0,92724.22,94746.06,0,4.0,0
815,54.499,102568.72,13298.47,8,2.0,0
444,36.0,142380.02,133718.95,4,3.0,0
413,46.0,233138.14,77547.97,9,3.0,0
384,54.499,246406.1,194526.46,5,2.0,0
718,34.0,88734.8,108347.15,4,4.0,0
599,66.0,116972.45,169585.35,5,1.0,0
632,36.0,39278.58,54265.42,9,1.0,0
403,78.0,241406.46,39119.67,10,4.0,0
664,26.0,223266.53,143767.18,3,4.0,0
685,38.0,191408.19,72381.21,5,4.0,0
328,18.0,162834.98,177663.33,5,4.0,0
773,77.0,237787.08,165571.07,3,2.0,0
569,91.0,126769.25,99574.67,6,3.0,0
808,82.0,172387.0,44596.33,5,2.0,0
564,55.0,202193.25,55815.56,9,3.0,0
752,85.0,86654.87,24730.04,1,3.0,1
748,62.0,238000.4,133929.93,7,1.0,0
680,54.499,28253.28,116537.82,1,4.0,0
606,22.0,27016.68,76449.23,8,2.0,0
334,38.0,20384.57,133434.41,5,1.0,0
320,75.0,32800.62,52946.63,8,4.0,0
455,58.0,44848.57,144745.91,9,2.0,0
539,42.0,41349.04,186865.64,4,4.0,0
560,78.0,100101.77,152129.14,7,1.0,0
617,31.0,139449.43,32256.64,10,4.0,0
801,91.0,44656.98,123399.5,8,2.0,1
319,42.0,191612.85,149167.96,6,4.0,0
615,31.0,236504.23,177857.04,1,4.0,0
300,52.0,93313.46,120086.28,7,2.0,1
385,53.0,143373.79,145923.1,4,3.0,0
507,35.0,228991.06,56436.91,9,2.0,0
503,73.0,189462.93,130236.41,8,3.0,0
568,20.0,135961.37,164539.26,3,4.0,0
319,65.0,209460.63,53593.62,10,4.0,0
603,45.0,339472.9,32819.08,0,3.0,0
429,70.0,86142.99,138541.19,6,2.0,0
652,42.0,152828.79,42668.42,5,1.0,0
450,54.499,166496.12,113454.8,3,4.0,0
541,62.0,180211.27,13579.21,5,3.0,0
467,48.0,130633.21,188626.73,6,3.0,0
353,91.0,235991.6,170122.05,8,2.0,0
352,54.499,101520.08,92947.68,10,4.0,0
363,76.0,246152.77,81841.5,8,1.0,0
411,90.0,121849.24,138282.04,2,1.0,0
670,78.0,175507.1,110233.17,9,2.0,0
379,48.0,201564.14,139587.75,7,1.0,0
807,91.0,140070.81,184155.07,6,2.0,0
847,21.0,236945.63,23246.33,6,4.0,0
328,36.0,121424.6,114923.6,6,1.0,0
573,23.0,104606.61,24920.74,10,2.4913684210526315,0
503,68.0,51889.54,173425.18,2,3.0,0
787,29.0,33805.78,107154.19,3,3.0,0
502,27.0,3282.73,135396.77,0,3.0,0
616,80.0,23147.49,174349.27,5,3.0,0
769,19.0,159878.31,104461.91,2,2.0,0
761,65.0,134526.03,133746.74,6,1.0,0
673,87.0,113570.88,12010.55,5,2.0,0
451,78.0,139055.2,74134.05,5,2.0,0
522,64.0,3949.17,81049.25,6,2.0,0
327,61.0,38093.09,98197.84,8,1.0,0
558,22.0,33180.56,113638.49,3,4.0,0
533,68.0,61568.23,101823.56,2,3.0,0
738,54.499,245139.26,136713.67,10,2.0,0
669,54.499,146159.23,153593.55,3,1.0,0
653,53.0,204049.5,38515.26,2,4.0,0
763,19.0,222934.17,84064.18,0,2.0,0
565,27.0,125383.57,41839.98,6,2.4913684210526315,0
595,54.499,58334.49,46001.49,7,2.0,0
460,28.0,136565.22,97766.8,4,2.0,0
486,31.0,167787.81,154098.57,1,3.0,0
655,33.0,249949.28,26044.4,7,2.0,1
615,20.0,98629.19,198014.88,9,4.0,1
667,65.0,89809.24,184706.66,0,4.0,0
445,77.0,145605.92,132921.11,10,3.0,0
369,66.0,13673.92,183652.32,4,3.0,0
787,54.499,202040.29,136207.74,4,1.0,0
790,86.0,196011.0,24439.13,5,4.0,0
437,33.0,139109.89,174844.22,1,1.0,1
721,31.0,48704.29,189151.92,3,2.0,0
588,87.0,159395.42,122286.73,4,3.0,0
477,54.499,169664.97,147964.16,5,4.0,0
381,78.0,1372.76,191055.18,4,4.0,0
329,71.0,157475.56,83755.89,7,3.0,0
440,73.0,16807.65,149766.85,10,4.0,0
353,60.0,213539.99,138463.35,9,3.0,0
662,54.499,89024.61,192021.77,7,1.0,0
754,74.0,160771.84,105718.59,6,4.0,0
695,55.0,225320.0,42780.47,1,3.0,0
807,33.0,178099.4,144221.14,10,3.0,0
428,32.0,196356.22,39359.06,2,4.0,0
689,35.0,194469.73,49062.73,6,3.0,0
370,81.0,206254.67,115064.42,3,4.0,0
635,69.0,197400.73,193638.93,6,3.0,0
788,54.499,243336.87,136416.16,0,2.0,0
415,49.0,113329.9,99636.91,6,3.0,0
435,45.0,122321.04,57573.7,1,2.0,0
741,62.0,83706.08,177822.12,0,3.0,0
460,90.0,113073.58,37930.55,1,4.0,1
529,69.0,16984.89,194469.9,0,2.0,0
444,41.0,200858.32,44632.52,9,4.0,0
385,54.499,121815.32,15722.11,0,4.0,0
510,46.0,142614.71,180009.35,7,4.0,0
642,78.0,228971.91,56910.88,6,4.0,0
751,54.499,144903.35,167867.51,3,2.0,0
603,54.499,57882.48,59394.57,9,3.0,0
689,54.499,8359.64,84765.12,9,4.0,0
647,67.0,246747.58,193666.86,8,1.0,0
720,85.0,42750.87,75165.36,8,2.0,0
510,58.0,248080.15,166174.83,3,2.0,0
844,62.0,170140.0,16929.64,5,1.0,1
815,64.0,233274.0,70335.8,1,1.0,0
409,61.0,44705.0,106845.22,3,2.0,1
394,29.0,124737.23,173975.43,2,2.0,0
321,30.0,134009.41,122247.63,10,4.0,0
374,72.0,30271.24,24979.24,10,2.4913684210526315,0
600,58.0,123651.67,111924.67,6,1.0,0
402,80.0,53134.78,163999.61,5,1.0,0
700,45.0,150018.42,102543.68,10,4.0,0
528,39.0,190709.39,45185.66,2,1.0,0
578,27.0,224035.29,172545.14,0,3.0,0
791,79.0,116825.91,105566.01,3,1.0,0
537,40.0,18587.47,94960.13,5,3.0,0
573,83.0,184716.24,69794.41,9,3.0,0
719,66.0,205125.45,153023.74,0,1.0,0
309,26.0,70714.28,106940.97,1,2.4913684210526315,0
842,35.0,113842.37,145541.28,6,4.0,0
571,42.0,92795.98,126940.88,9,2.0,0
643,58.0,62178.29,184622.49,9,4.0,1
583,50.0,200912.27,17808.31,5,2.0,1
318,72.0,147304.9,162272.28,2,3.0,0
835,42.0,99867.95,111875.44,7,2.0,1
758,58.0,121078.4,11249.66,9,4.0,0
826,87.0,78866.07,56252.83,4,1.0,0
624,29.0,18139.71,29717.84,10,2.0,0
805,91.0,218334.52,142825.28,1,2.0,0
375,39.0,190920.97,137518.35,2,3.0,0
307,54.499,34970.89,190674.96,7,3.0,0
635,37.0,49929.45,83717.44,1,3.0,0
554,54.499,223263.25,176819.69,8,2.0,0
355,81.0,14849.16,164497.45,1,3.0,0
732,30.0,182438.06,28054.04,7,3.0,0
714,89.0,20587.71,24193.85,5,3.0,0
610,64.0,62900.03,129131.9,4,3.0,0
609,49.0,100461.98,13223.34,3,1.0,0
774,54.499,239718.97,185898.64,2,4.0,0
313,54.499,230346.06,150011.55,2,3.0,1
734,46.0,226830.73,116801.16,3,1.0,0
785,90.0,163287.01,81805.32,3,4.0,1
427,37.0,158759.46,46690.57,7,4.0,0
311,54.499,85203.31,171863.23,1,2.0,0
701,67.0,206452.78,83731.64,6,2.4913684210526315,1
396,49.0,51223.83,163177.3,3,1.0,0
736,28.0,220698.18,154105.19,7,4.0,0
440,91.0,230526.08,156800.01,9,2.0,0
492,63.0,134157.56,158523.67,6,3.0,0
838,86.0,169433.48,87377.75,8,1.0,0
300,51.0,17873.64,47083.07,4,1.0,0
837,91.0,60621.53,163630.37,1,4.0,0
653,39.0,209521.92,27420.85,10,1.0,0
544,26.0,59157.97,149101.03,9,3.0,0
690,20.0,201490.84,163407.84,1,4.0,0
409,46.0,197882.44,47671.21,9,2.0,0
517,90.0,238891.64,120145.84,2,3.0,0
822,24.0,217573.07,82240.27,3,2.0,0
346,18.0,17087.62,25714.63,10,2.0,0
776,34.0,95198.46,131846.61,8,1.0,0
686,75.0,18186.12,151690.89,6,1.0,0
348,37.0,103697.98,176780.64,9,2.0,0
640,83.0,227756.94,156320.39,2,3.0,0
624,65.0,242183.11,128212.8,8,1.0,0
601,54.499,88576.67,56262.19,1,2.0,0
666,76.0,193361.03,197580.86,10,2.0,0
332,54.499,22458.72,11013.45,2,2.4913684210526315,0
705,32.0,95206.45,163154.09,10,4.0,0
839,39.0,24419.77,113003.9,5,1.0,0
765,54.499,237934.42,165163.58,2,2.4913684210526315,0
678,48.0,158672.64,128651.65,4,2.0,0
412,54.499,219054.36,134595.48,2,2.0,0
411,76.0,10648.99,13597.73,1,3.0,0
798,40.0,25044.44,129470.96,4,2.0,1
639,30.0,221526.92,84171.07,8,3.0,0
392,20.0,43008.29,17872.08,6,2.0,0
626,84.0,162599.38,74668.17,10,1.0,0
394,54.0,130811.35,178170.25,8,1.0,0
834,19.0,140728.48,46993.25,0,2.0,0
346,54.499,169620.82,40014.42,9,4.0,0
496,64.0,163855.35,84186.56,4,4.0,0
459,86.0,200105.84,195242.15,0,2.0,1
775,47.0,219889.52,68248.33,5,1.0,0
399,25.0,28949.48,83008.06,9,2.0,0
644,20.0,115351.24,106630.55,10,1.0,1
655,75.0,1158.55,43708.5,0,1.0,0
405,81.0,93537.62,14721.55,8,4.0,1
535,78.0,200340.02,48124.97,9,3.0,0
303,83.0,228759.79,190182.38,8,3.0,0
739,23.0,177597.0,81373.67,7,2.0,0
765,86.0,75764.66,155060.44,9,2.0,0
364,78.0,249514.58,29792.8,8,1.0,0
745,54.499,210016.81,194124.96,0,3.0,0
689,23.0,229587.76,134527.04,8,3.0,0
824,23.0,8270.96,177287.38,9,3.0,0
316,52.0,84414.7,118591.64,1,2.0,0
375,39.0,40089.13,157153.88,9,3.0,0
831,49.0,152747.36,113203.53,5,3.0,0
582,54.499,154731.54,67765.38,1,4.0,0
480,39.0,6520.79,182816.21,10,4.0,0
825,23.0,46349.9,154837.89,10,1.0,0
404,28.0,160533.23,190662.75,1,4.0,0
745,18.0,192795.38,24770.59,5,4.0,0
724,66.0,184082.11,46627.43,8,1.0,0
480,30.0,19256.32,65636.51,6,2.4913684210526315,0
509,54.499,86667.94,187668.7,1,1.0,0
342,50.0,149541.25,19782.75,8,2.0,0
648,55.0,193146.95,142047.02,0,1.0,0
447,32.0,39536.73,179604.05,0,3.0,0
593,54.499,33365.35,38067.07,8,2.4913684210526315,0
829,54.499,7598.93,126502.48,7,3.0,0
335,19.0,232702.32,36671.87,0,3.0,0
560,80.0,130848.84,20177.14,4,2.0,0
427,41.0,170487.19,170834.98,8,2.4913684210526315,0
594,78.0,106980.85,149768.7,7,3.0,0
773,45.0,110685.35,109060.67,1,1.0,0
532,52.0,73690.68,109183.71,9,4.0,0
606,62.0,82762.95,149551.48,8,4.0,0
588,60.0,90248.56,61717.47,6,3.0,0
740,58.0,141123.35,39420.68,6,4.0,0
613,70.0,32637.83,141469.47,1,4.0,1
473,74.0,102985.62,10889.08,10,1.0,0
650,72.0,76099.69,45148.37,9,2.0,1
810,75.0,58893.99,115349.75,0,3.0,0
442,22.0,32686.73,199229.61,10,3.0,0
541,27.0,158059.47,194679.53,10,2.0,0
676,54.499,84149.11,72863.29,8,2.0,0
526,20.0,94878.05,55139.79,2,1.0,0
511,27.0,9176.01,103959.72,10,4.0,0
665,90.0,178834.51,52556.91,3,2.0,0
426,59.0,200047.28,66232.76,2,3.0,0
610,54.499,243023.73,87586.63,7,2.0,0
597,65.0,204277.03,176054.31,4,1.0,0
529,58.0,247817.4,153704.92,8,2.0,1
365,24.0,18453.47,139188.67,1,2.0,0
849,69.0,117870.88,46458.82,10,3.0,0
692,54.499,190829.73,87602.51,3,3.0,0
325,20.0,160811.01,162796.98,2,4.0,0
820,80.0,197114.57,188609.14,10,1.0,0
450,47.0,182204.77,111592.72,3,4.0,0
428,73.0,235350.09,44347.3,6,3.0,0
311,63.0,205215.73,91075.65,5,3.0,0
502,69.0,61753.41,59946.73,4,3.0,0
726,35.0,40434.37,91311.01,1,1.0,0
543,37.0,8605.52,11407.59,6,4.0,0
585,54.499,66844.94,173423.82,4,3.0,0
451,35.0,77135.94,49177.97,1,1.0,0
392,28.0,169186.25,197561.17,9,2.4913684210526315,0
455,86.0,22571.01,59465.75,4,1.0,0
426,54.499,9064.88,24383.87,2,1.0,0
566,88.0,29226.77,64660.11,1,2.4913684210526315,0
714,86.0,29910.63,90836.41,8,4.0,0
667,57.0,79449.9,106445.23,4,2.0,0
773,66.0,208571.76,61948.47,7,1.0,0
454,54.499,182118.13,91169.37,9,2.0,0
445,63.0,217861.82,92716.43,2,2.0,0
405,29.0,161990.71,174265.95,9,3.0,0
841,91.0,217463.49,121269.08,3,4.0,0
452,29.0,185049.79,186867.43,2,4.0,0
701,28.0,68779.47,196945.96,5,2.0,0
466,59.0,59742.3,74883.91,0,2.0,0
512,35.0,17193.04,83680.98,7,2.0,0
761,54.0,128925.46,38115.87,8,2.0,1
623,60.0,187993.49,197067.91,6,4.0,0
834,77.0,223089.82,185600.38,9,2.4913684210526315,0
327,37.0,225664.5,69130.86,9,3.0,0
595,66.0,246821.72,77700.9,6,1.0,0
743,48.0,122774.42,124603.4,4,2.0,0
748,81.0,220852.84,176265.63,9,2.0,0
300,54.499,112294.47,110677.9,3,4.0,0
808,91.0,212527.78,115760.47,6,4.0,0
343,55.0,60040.06,184067.44,10,4.0,0
827,58.0,45890.99,152623.97,1,4.0,0
670,64.0,208362.55,16415.4,8,2.0,0
313,47.0,203971.7,155504.66,1,4.0,0
755,66.0,55170.85,95241.66,10,2.0,0
517,47.0,179539.17,80424.16,5,2.0,0
740,91.0,92834.62,114674.54,8,2.0,0
784,56.0,201325.01,173551.29,1,2.0,0
513,45.0,76334.9,119176.76,4,1.0,0
612,35.0,123528.8,86870.98,9,1.0,0
736,52.0,36876.86,164358.31,10,2.0,0
383,91.0,1172.42,195916.48,2,1.0,0
548,19.0,235473.82,80730.36,3,2.0,0
353,18.0,62526.32,55885.52,8,3.0,0
840,37.0,65711.56,123457.33,5,1.0,0
826,82.0,211436.2,10027.73,2,2.4913684210526315,0
518,84.0,168202.22,180396.72,7,2.0,0
504,25.0,53295.95,15991.41,7,4.0,1
622,37.0,30922.31,72777.15,3,2.0,0
569,90.0,211142.63,73597.75,5,4.0,0
359,28.0,218047.11,136803.2,0,1.0,0
461,38.0,8383.6,120970.2,7,2.0,0
402,24.0,42222.97,43222.88,9,2.0,0
587,80.0,189030.79,93890.14,9,4.0,0
307,77.0,157837.73,40146.17,9,2.0,0
552,53.0,31773.43,105325.97,8,2.0,0
737,67.0,91879.33,179916.87,10,3.0,0
597,91.0,195234.06,44037.85,10,4.0,0
624,19.0,143203.53,79447.81,7,1.0,0
410,64.0,139816.06,114080.9,10,4.0,0
846,55.0,236924.72,17462.49,6,1.0,0
519,61.0,240365.1,55492.04,3,1.0,0
634,46.0,63105.34,106423.8,3,1.0,0
511,54.499,201549.03,157251.7,6,2.4913684210526315,0
668,33.0,19884.81,46510.45,1,4.0,0
825,26.0,128294.0,139620.62,0,2.0,0
425,77.0,201340.87,79799.34,3,2.4913684210526315,0
385,91.0,125006.46,88263.33,5,2.0,0
392,66.0,83291.36,31730.7,6,2.0,0
572,55.0,116970.88,133709.19,1,3.0,0
426,28.0,83734.3,17042.93,3,1.0,0
566,43.0,202599.08,116321.58,4,1.0,0
468,64.0,200804.09,63336.84,9,3.0,0
370,23.0,195159.67,156638.54,9,2.0,0
567,37.0,62253.24,183224.58,5,1.0,0
470,48.0,196607.93,30353.92,10,1.0,0
805,82.0,18465.65,159703.48,6,3.0,0
676,54.499,206114.6,194745.99,8,2.0,0
574,53.0,77146.85,54174.03,10,4.0,0
538,21.0,64784.62,197273.31,4,4.0,0
607,75.0,51262.82,33975.38,4,3.0,0
836,87.0,171277.19,98570.58,8,1.0,0
722,19.0,97884.13,158310.98,4,1.0,1
671,49.0,158569.54,128328.2,9,3.0,0
571,26.0,125191.41,125340.05,9,3.0,0
649,35.0,100758.28,187099.54,6,3.0,0
486,31.0,168348.69,117127.5,9,3.0,0
476,47.0,187440.02,34841.24,0,2.0,0
792,49.0,139081.1,118766.19,6,3.0,0
717,28.0,172284.91,101046.17,10,1.0,0
535,89.0,77992.82,91818.46,9,3.0,0
759,49.0,20131.77,100387.43,7,4.0,0
446,38.0,130764.32,21409.74,10,2.0,0
836,80.0,26730.01,181389.16,7,2.0,0
837,77.0,227333.14,71333.17,3,4.0,0
506,69.0,212051.51,173781.39,4,1.0,0
321,54.499,238952.99,187805.86,6,3.0,0
361,32.0,59689.01,179998.09,8,2.4913684210526315,0
429,64.0,131179.15,131226.68,10,2.0,0
382,77.0,125654.15,89809.28,4,1.0,0
588,33.0,155464.42,170721.33,4,1.0,0
791,52.0,33519.95,28926.67,10,2.0,0
688,76.0,57597.4,84315.82,1,3.0,0
848,82.0,39548.08,81993.68,3,2.0,0
535,22.0,187826.51,15624.17,10,1.0,0
600,30.0,21894.9,82961.36,3,1.0,0
532,70.0,119507.69,34632.44,0,2.0,0
439,82.0,223877.6,151721.36,3,1.0,0
698,54.499,45387.18,192348.33,3,1.0,0
689,66.0,121947.08,64776.45,0,1.0,0
427,39.0,51253.19,53655.37,4,2.0,0
516,54.499,41879.94,131186.04,8,2.0,0
770,31.0,9040.96,91822.85,2,2.0,0
770,54.0,173947.15,86449.08,8,3.0,0
450,43.0,207291.39,22454.61,9,3.0,0
397,26.0,147148.2,61490.05,5,2.0,1
338,54.499,109290.38,130460.51,4,2.4913684210526315,0
592,54.0,198252.86,104672.03,10,1.0,0
346,63.0,70648.04,46132.72,9,3.0,0
572,18.0,15246.39,178014.6,2,1.0,0
310,89.0,126343.28,15697.15,0,3.0,0
462,40.0,206485.14,44409.41,8,3.0,0
403,66.0,143246.4,115885.36,2,3.0,0
394,21.0,204790.32,75925.69,9,1.0,0
679,45.0,31758.89,11818.53,8,2.4913684210526315,0
712,39.0,163715.64,127191.67,9,2.4913684210526315,0
570,90.0,16474.33,65679.89,2,2.0,0
392,66.0,19212.54,189886.13,8,2.0,0
742,37.0,129624.86,108372.97,5,2.0,0
772,78.0,59198.12,64932.17,2,2.0,0
709,63.0,105045.31,149336.05,4,1.0,0
532,26.0,174954.27,58477.88,1,4.0,0
779,49.0,201129.71,180075.2,8,2.0,0
412,82.0,246477.5,48868.34,8,2.0,0
663,72.0,163135.51,142462.49,6,2.0,0
606,43.0,26997.64,58127.67,1,2.4913684210526315,0
525,43.0,38861.11,77640.45,7,4.0,0
711,48.0,120870.65,108125.99,10,3.0,0
823,54.499,63147.49,129676.79,3,3.0,0
800,38.0,140529.6,49168.75,3,4.0,0
628,54.0,54669.95,191085.65,1,1.0,0
458,66.0,15401.73,79645.62,4,2.0,0
526,42.0,227143.52,157152.51,7,1.0,0
690,31.0,152192.65,114581.19,0,1.0,0
567,70.0,19773.87,199108.09,6,1.0,1
436,46.0,212471.86,133560.56,1,1.0,0
517,73.0,26700.12,148008.31,7,2.0,0
452,54.499,227509.12,81868.57,0,4.0,0
706,33.0,150966.94,153198.64,1,1.0,0
442,59.0,27858.05,70973.68,4,3.0,0
458,36.0,160317.51,189044.56,3,4.0,0
456,67.0,46332.25,12236.05,5,2.0,0
498,57.0,109277.76,52114.89,1,4.0,0
689,49.0,154994.1,88477.17,9,2.0,0
380,54.499,189417.75,84762.87,2,1.0,0
458,23.0,216069.56,61071.21,9,3.0,0
416,52.0,21645.37,55767.1,10,2.0,0
560,36.0,153282.37,55575.31,8,1.0,0
303,54.499,248209.54,87730.71,8,4.0,0
417,22.0,237131.31,34568.01,0,1.0,0
716,19.0,100972.82,138333.7,1,2.0,0
605,45.0,189633.27,23560.69,7,2.0,0
477,55.0,232539.0,63707.02,1,1.0,0
506,85.0,239647.06,40336.49,8,3.0,0
350,65.0,195314.28,144594.19,1,2.4913684210526315,0
303,29.0,134404.78,119749.17,4,2.0,0
711,79.0,25147.45,27376.96,1,3.0,0
492,45.0,56948.46,184088.59,10,3.0,0
704,26.0,51431.21,124750.44,2,3.0,0
356,72.0,29236.6,76344.56,6,2.0,0
325,44.0,137322.71,181589.86,6,1.0,0
607,21.0,110344.29,27392.87,0,1.0,0
368,41.0,106215.8,141448.12,3,1.0,0
683,33.0,223518.02,92715.93,1,3.0,0
436,78.0,64567.54,198710.82,8,4.0,0
545,54.499,245952.15,181048.17,6,3.0,0
801,73.0,127979.57,129334.72,10,1.0,0
666,89.0,209131.42,99019.04,9,2.0,1
626,22.0,188289.52,65801.78,6,3.0,0
409,61.0,186512.31,185899.12,7,2.0,0
437,91.0,162706.25,48155.89,0,3.0,0
442,35.0,218646.68,182429.12,3,2.0,0
487,82.0,138591.2,16063.27,0,1.0,0
690,21.0,226382.37,69954.8,3,1.0,0
666,54.499,201454.42,186412.48,2,3.0,0
664,57.0,124462.72,174674.65,9,4.0,0
446,23.0,166404.35,112596.86,9,1.0,0
317,26.0,116988.83,101186.71,9,4.0,0
783,30.0,17443.19,198857.76,6,3.0,0
721,59.0,141022.99,164955.89,10,4.0,0
567,63.0,177222.96,57953.47,2,3.0,0
828,54.499,110796.89,50443.18,6,2.0,0
452,70.0,30764.42,25904.24,10,4.0,0
711,66.0,84878.44,105836.19,8,4.0,0
362,19.0,78214.04,18415.71,7,1.0,0
398,71.0,177387.61,181687.93,4,3.0,0
320,53.0,79888.82,75537.33,9,3.0,0
840,36.0,202191.66,96331.81,6,2.0,0
709,61.0,97996.08,78604.37,4,2.0,0
832,25.0,3243.25,50931.02,3,2.0,0
301,66.0,59354.95,166584.68,10,2.0,0
540,73.0,130597.17,104550.81,4,2.0,0
452,89.0,201833.99,82355.74,9,1.0,0
512,81.0,141474.55,56561.46,1,2.0,0
342,87.0,24013.23,59469.95,6,1.0,0
494,28.0,243127.09,61278.63,6,1.0,0
633,84.0,75036.91,135533.11,8,2.0,0
540,72.0,164094.03,146636.43,8,2.0,0
675,39.0,238786.31,67904.17,6,2.0,0
444,86.0,148347.35,121900.98,5,1.0,0
491,33.0,96805.67,194527.4,5,1.0,0
551,48.0,76766.84,48101.99,8,2.0,0
849,54.499,116227.84,96838.28,3,1.0,0
489,75.0,183539.68,17990.3,0,1.0,1
431,38.0,118062.92,97640.41,5,2.0,0
364,54.499,193421.7,176918.66,8,1.0,0
619,79.0,82163.53,72138.52,6,1.0,0
814,40.0,28002.3,87765.14,5,2.0,0
320,22.0,214678.07,34538.08,0,1.0,0
321,75.0,247230.66,17317.62,10,1.0,0
309,54.0,152829.45,112584.4,2,2.0,0
681,45.0,85208.25,61871.97,2,4.0,0
787,51.0,76719.96,190780.38,9,3.0,0
490,47.0,87665.98,168534.79,2,2.0,0
583,87.0,67970.45,193746.57,7,1.0,0
849,40.0,101568.02,165434.15,2,1.0,0
775,28.0,136774.49,193644.2,5,2.0,1
582,55.0,166973.81,145146.73,9,4.0,0
687,37.0,128392.48,34164.28,8,2.0,0
516,83.0,21255.39,94723.0,2,3.0,0
848,73.0,247440.49,93030.48,1,2.4913684210526315,1
610,32.0,240923.36,116104.41,5,3.0,0
696,37.0,168901.98,179000.0,2,3.0,0
381,74.0,182007.7,117598.02,0,3.0,0
422,86.0,148093.15,104619.48,0,3.0,0
421,69.0,85013.15,129499.06,1,1.0,0
491,54.499,151504.2,32677.34,0,2.0,0
564,70.0,93473.64,181700.33,3,4.0,0
309,84.0,224931.28,65298.02,3,3.0,0
425,69.0,198016.83,91855.54,9,2.4913684210526315,0
799,69.0,90402.27,15430.78,8,4.0,0
538,54.499,37100.23,188959.37,5,4.0,0
812,78.0,19419.52,56803.34,10,1.0,0
705,75.0,150537.8,146784.52,10,3.0,0
761,43.0,53303.78,24313.29,1,4.0,0
417,68.0,207774.44,193613.35,3,2.4913684210526315,0
628,54.499,185415.69,177394.21,10,3.0,0
826,38.0,159530.02,107324.73,6,2.0,0
576,76.0,10242.57,71588.94,6,1.0,0
837,66.0,142670.26,82670.53,5,1.0,0
602,42.0,143086.85,194507.2,6,3.0,1
844,76.0,227619.95,133118.95,0,2.0,0
592,38.0,31595.83,21833.09,7,2.0,0
748,18.0,10918.16,165843.03,0,2.0,0
745,69.0,161043.58,131222.74,10,2.0,0
653,60.0,146547.52,198850.36,3,3.0,0
311,46.0,138401.07,58408.47,6,4.0,0
655,69.0,166562.8,84266.26,8,2.0,0
795,35.0,190106.04,79666.42,2,4.0,0
424,43.0,216632.83,40305.21,5,1.0,0
833,69.0,109412.88,123746.26,6,1.0,0
568,43.0,23266.55,152269.73,6,1.0,0
747,48.0,204553.58,18453.81,4,1.0,0
822,19.0,242246.17,61052.99,1,1.0,0
801,71.0,232626.78,191164.9,0,1.0,0
704,59.0,40860.36,37260.03,2,1.0,0
315,54.499,148200.64,188768.68,5,3.0,0
816,39.0,49228.72,103038.01,0,2.0,0
478,84.0,96526.76,26057.06,4,2.0,0
417,41.0,91580.8,57464.62,1,4.0,0
643,72.0,31015.04,66004.83,1,3.0,0
480,24.0,120153.87,67577.59,9,2.0,0
709,83.0,65371.36,82399.09,7,2.0,0
672,69.0,233015.49,196802.79,9,2.4913684210526315,0
630,54.499,11811.37,18618.44,0,1.0,0
520,31.0,123726.97,172909.7,9,1.0,0
587,89.0,196422.21,34751.63,5,3.0,0
509,54.499,241414.84,64938.08,1,1.0,0
693,82.0,158808.16,57993.3,2,2.0,0
638,86.0,11970.98,166469.46,1,3.0,0
414,26.0,124199.6,191359.22,8,3.0,0
567,33.0,147214.68,48981.77,1,1.0,0
839,81.0,125444.89,110708.03,10,4.0,1
791,70.0,240871.7,128085.67,4,1.0,0
631,47.0,137729.33,112311.06,6,3.0,0
401,60.0,53938.03,55419.3,3,3.0,0
536,40.0,48898.17,64567.9,9,4.0,0
687,22.0,10057.44,182879.1,3,4.0,0
350,85.0,212658.35,10153.98,4,2.0,0
420,60.0,61324.06,15768.73,1,4.0,0
419,54.499,108900.32,115438.39,1,1.0,0
546,54.0,153778.9,115554.76,4,3.0,0
305,88.0,199531.55,48691.59,4,4.0,0
701,60.0,233227.12,151100.82,3,2.0,0
669,24.0,191145.65,112561.24,10,4.0,0
727,58.0,18533.79,30506.22,4,4.0,0
493,63.0,156445.59,82516.6,10,4.0,0
403,30.0,111230.99,182023.03,9,4.0,0
471,45.0,225854.34,104321.28,6,1.0,0
622,53.0,200747.19,69536.41,5,2.0,0
508,27.0,5683.82,155967.59,7,3.0,0
544,19.0,95368.93,14902.55,0,3.0,0
782,79.0,151079.01,70315.5,7,2.0,0
688,72.0,246859.56,15190.16,0,4.0,0
793,79.0,233738.56,38898.0,3,4.0,0
562,84.0,149785.96,103481.8,6,1.0,0
426,49.0,139443.78,113213.44,10,1.0,0
571,35.0,36660.86,111964.34,5,3.0,0
769,18.0,95507.25,105070.92,10,2.0,0
722,36.0,33505.19,175923.24,2,1.0,0
443,76.0,230666.52,106149.99,1,3.0,0
849,67.0,118074.04,137777.81,9,4.0,0
497,78.0,93025.71,120474.98,9,3.0,0
583,51.0,238012.96,142401.0,0,2.4913684210526315,0
800,79.0,210872.62,125231.68,9,2.0,0
520,21.0,248875.16,41351.79,7,2.4913684210526315,0
475,66.0,56403.73,61610.11,8,4.0,0
514,52.0,245214.37,145907.31,5,4.0,0
485,59.0,149187.91,170824.69,3,1.0,0
569,54.499,97356.27,87741.82,5,2.0,1
487,39.0,114814.6,66056.3,9,2.0,0
698,20.0,109502.52,59135.62,9,3.0,0
389,37.0,245478.14,86409.22,8,2.0,0
355,86.0,47287.51,130264.19,8,1.0,0
635,82.0,144091.11,79788.65,0,4.0,0
691,85.0,17278.59,127933.69,6,3.0,0
758,69.0,241091.05,130871.62,7,1.0,0
685,83.0,236068.9,130243.73,3,1.0,0
484,54.499,239990.09,180019.65,0,1.0,0
446,62.0,234622.59,92389.13,4,1.0,0
746,49.0,9874.84,128625.34,5,3.0,0
795,48.0,39789.42,172019.41,5,4.0,0
746,54.499,209169.74,123693.6,3,3.0,0
480,18.0,245001.84,86586.11,2,4.0,0
419,54.499,13093.19,67793.4,2,3.0,0
470,53.0,172837.86,112433.59,10,1.0,0
845,66.0,170863.49,151881.14,2,4.0,0
846,50.0,137512.37,138307.74,8,3.0,0
449,73.0,178878.66,195375.41,6,1.0,0
488,58.0,181312.34,158331.99,6,4.0,0
483,41.0,199705.28,32534.2,8,2.0,0
677,39.0,38738.03,17194.95,9,1.0,0
630,73.0,84438.44,11359.28,8,4.0,0
432,67.0,65267.62,161329.74,10,1.0,0
403,61.0,176593.06,29147.35,3,1.0,0
315,54.499,193262.68,73173.4,2,2.0,0
594,53.0,51826.41,103395.55,6,4.0,0
396,58.0,146440.24,198439.2,3,1.0,0
782,25.0,63684.9,86382.68,0,4.0,0
592,76.0,50925.4,78482.24,1,2.0,0
309,73.0,89332.31,57117.84,8,3.0,0
317,72.0,126903.37,151282.66,3,3.0,1
832,26.0,5101.02,49163.47,9,1.0,0
801,73.0,210226.77,188866.25,9,2.0,0
565,54.499,90004.9,176220.92,8,4.0,0
498,80.0,244069.98,112359.71,3,1.0,0
443,52.0,25660.33,39804.12,6,4.0,0
593,47.0,235079.12,173086.96,2,1.0,0
753,83.0,190801.99,39767.46,1,1.0,0
800,48.0,122108.19,19276.78,0,1.0,0
565,45.0,202369.09,172647.2,6,1.0,0
465,50.0,128093.54,21816.5,1,4.0,0
513,43.0,13898.1,173675.08,5,1.0,1
516,45.0,177565.48,16014.56,4,3.0,0
510,61.0,51193.53,133171.14,6,3.0,0
768,54.499,179591.05,97198.79,5,4.0,0
796,57.0,216217.17,112478.8,8,4.0,0
382,67.0,21466.76,152719.7,0,1.0,1
789,90.0,216317.62,107051.16,10,2.0,1
347,70.0,120481.19,30387.38,6,2.0,0
608,54.499,102548.72,114243.28,8,4.0,0
405,28.0,174079.61,133844.94,3,3.0,0
647,35.0,196084.59,94442.8,8,4.0,0
389,88.0,51183.35,168863.81,3,3.0,0
584,22.0,213887.17,28302.14,2,1.0,0
417,65.0,241367.75,74690.8,0,1.0,0
783,19.0,192832.74,61476.48,6,4.0,0
331,23.0,233256.16,184869.7,10,2.0,0
446,54.499,228091.51,138892.46,2,2.0,0
675,86.0,170607.22,197230.51,0,2.0,0
841,22.0,218672.42,128261.87,7,1.0,0
615,87.0,39294.51,32116.99,9,2.4913684210526315,0
480,36.0,212382.18,15120.02,7,3.0,0
559,78.0,72133.51,17794.07,5,2.0,0
762,23.0,128270.19,116676.24,3,4.0,0
431,62.0,127879.97,171502.22,9,3.0,0
338,35.0,76896.06,82822.61,1,4.0,0
324,54.0,31310.63,150402.6,8,3.0,0
591,55.0,208151.43,65416.04,3,1.0,0
536,60.0,199816.63,54272.03,3,4.0,0
583,81.0,120399.9,142821.26,8,1.0,0
790,54.499,74203.23,193540.63,0,2.4913684210526315,1
822,50.0,30931.84,176720.16,0,1.0,0
803,54.499,155894.5,133568.62,10,2.0,0
506,55.0,74437.95,179677.86,3,3.0,0
559,56.0,180615.04,119156.11,6,2.0,0
656,54.0,192004.7,99884.47,0,4.0,0
451,90.0,9291.53,176434.38,8,3.0,0
369,48.0,10676.7,62881.33,7,2.0,0
613,68.0,223916.7,60122.64,2,2.0,0
670,66.0,89239.97,37917.21,9,3.0,0
691,54.499,123906.53,87506.51,3,1.0,0
542,54.499,248625.89,145175.04,0,2.4913684210526315,0
813,89.0,25217.68,20049.8,0,1.0,0
454,45.0,138078.62,164919.3,3,4.0,0
804,89.0,153897.68,179561.38,7,1.0,0
661,30.0,175244.18,57600.74,6,1.0,0
657,75.0,69859.57,199215.6,4,2.0,0
644,40.0,173376.82,73816.68,10,1.0,0
586,89.0,35769.26,175889.59,4,2.0,0
784,19.0,82355.03,27394.78,8,2.0,0
814,84.0,107541.2,52298.55,5,2.0,0
677,66.0,91106.12,193738.55,10,2.0,0
792,60.0,56500.92,13462.36,5,4.0,0
782,89.0,115217.07,60159.38,7,2.0,0
389,84.0,179385.77,82586.57,4,3.0,0
714,54.499,32554.59,10925.22,9,3.0,1
331,54.0,183857.69,16156.89,5,1.0,0
525,84.0,137523.07,16410.66,8,3.0,0
562,67.0,156311.26,74586.81,7,2.0,0
829,55.0,181318.9,105836.35,4,2.0,0
583,21.0,122134.4,198160.51,4,3.0,0
843,86.0,239725.8,130117.26,10,2.0,0
608,42.0,123754.74,174835.3,10,2.0,1
836,61.0,128354.09,193859.16,5,3.0,0
394,71.0,184662.8,34281.52,0,3.0,0
639,76.0,197891.03,87491.43,7,1.0,1
822,62.0,145614.43,139557.58,1,2.0,0
819,56.0,33277.07,14283.24,2,4.0,0
768,53.0,72854.67,48608.2,2,3.0,0
311,84.0,28199.57,17343.26,10,3.0,0
848,64.0,41073.69,95020.14,4,1.0,0
358,60.0,94179.81,59783.23,10,4.0,0
842,54.499,245756.08,67875.47,2,2.0,0
603,51.0,195638.81,195236.7,7,3.0,0
536,36.0,6619.59,85707.59,9,1.0,0
564,54.499,134653.57,97424.62,6,1.0,1
379,30.0,20369.15,11068.01,1,1.0,0
428,23.0,113756.57,116651.81,8,3.0,0
558,49.0,36589.05,101162.45,5,1.0,0
523,24.0,6759.78,137326.58,1,3.0,0
655,54.499,57990.1,57111.29,3,3.0,0
802,28.0,245900.04,48284.09,3,4.0,0
